代码,名称,交易日期,前收盘价,开盘价,最高价,最低价,收盘价,涨跌,涨跌幅(%),已计息天数,应计利息,剩余期限(年),当期收益率(%),纯债到期收益率(%),纯债价值,纯债溢价,纯债溢价率(%),转股价格,转股比例,转换价值,转股溢价,转股溢价率(%),转股市盈率,转股市净率,套利空间,平价/底价,期限(年),发行日期,票面利率/发行参考利率(%),交易市场,债券类型
123022.SZ,长信转债,2019-08-29,123.65,122.97,128.85,122.94,126.8,3.15,2.547513141932875,165,0.180821917808,5.551912568306011,0.3154574132492113,-1.7298,88.80922916,37.99077084,42.77795359709212,6.25,16.0,115.36,11.44,9.916782246879334,18.7852,3.1903,-11.44,129.8964095186163,6,2019-03-15,0.4,深交所,可转债
113533.SH,参林转债,2019-08-29,141.7,141.79,147.0,141.05,145.27,3.57,2.519407198306281,149,0.122465753425,0.3863013698630137,0.1630654959053074,-4.4351,98.39675082,46.87324918,47.63698881251331,36.5,2.73972602739726,158.8767123287671,-13.60671232876712,-8.564321434730125,39.6039,9.5044,13.60671232876712,161.4654051122124,6,2019-04-03,0.3,上交所,可转债
113540.SH,南威转债,2019-08-29,109.8,110.65,113.8,110.1,112.53,2.73,2.486338797814208,46,0.06301369863,0.5710382513661202,0.3083573584991824,0.8274,96.46665346,16.06334654,16.65170912833696,10.13,9.871668311944719,104.8371174728529,7.692882527147088,7.337937853107345,114.2329,3.2462,-7.692882527147088,108.6770544147919,6,2019-07-12,0.5,上交所,可转债
110052.SH,贵广转债,2019-08-29,119.63,119.26,125.2,119.08,122.57,2.94,2.457577530719719,178,0.243835616438,5.516393442622951,0.4079301623562046,-0.546,95.35130483,27.21869517,28.54569763730836,8.04,12.43781094527363,121.0199004975124,1.550099502487562,1.280863309352518,45.5467,2.1668,-1.550099502487562,126.9200255972128,6,2019-03-04,0.5,上交所,可转债
110044.SH,广电转债,2019-08-29,142.14,142.13,149.6,141.22,145.55,3.41,2.399043196848178,64,0.105205479452,4.827868852459017,0.4122294744074201,-5.2144,91.3868241,54.1631759,59.26803610193518,6.9,14.49275362318841,130.5797101449275,14.97028985507246,11.46448390677026,39.3228,1.6697,-14.97028985507246,142.8868017144799,6,2018-06-27,0.4,上交所,可转债
113531.SH,百姓转债,2019-08-29,127.0,126.46,130.25,125.64,129.58,2.58,2.031496062992126,154,0.084383561644,0.726775956284153,0.1543448062972681,-3.0464,97.05721781,32.52278219,33.50887540756305,60.09,1.664170411050091,128.1744050590781,1.40559494092195,1.096626850168787,40.8532,6.645,-1.40559494092195,132.0606627216467,5,2019-03-29,0.2,上交所,可转债
113539.SH,圣达转债,2019-08-29,113.17,113.3,115.95,113.3,115.43,2.26,1.996995670230626,58,0.095342465753,0.5327868852459017,0.3578920160256086,0.9154,95.83120173,19.59879827,20.45137483010879,28.78,3.474635163307853,128.2140375260598,-12.78403752605976,-9.970856368563686,60.8079,5.0909,12.78403752605976,133.7915367974795,6,2019-07-03,0.6,上交所,可转债
128027.SZ,崇达转债,2019-08-29,133.122,133.497,137.84,132.0,135.735,2.613,1.962861134898815,258,0.353424657534,0.1534246575342466,0.3158854556950455,-4.7043,99.74889327,35.98610673,36.07669774600197,14.76,6.775067750677507,136.1788617886179,-0.4438617886178862,-0.3259402985074627,31.6264,6.0441,0.4438617886178862,136.5216769072408,6,2017-12-15,0.3,深交所,可转债
128060.SZ,中装转债,2019-08-29,124.4,125.3,127.9,123.01,126.7,2.3,1.84887459807074,157,0.172054794521,0.5573770491803278,0.3105308784142226,-2.0231,97.73787307,28.96212693,29.63245057446389,6.21,16.10305958132045,140.2576489533011,-13.55764895330113,-9.666245694603903,22.9778,2.3041,13.55764895330113,143.5038890736331,6,2019-03-26,0.4,深交所,可转债
123015.SZ,Z蓝转退,2019-08-29,111.3,110.772,114.64,110.772,113.3,2.0,1.796945193171608,17,0.027945205479,4.956284153005464,0.529567519858782,-0.0727,25.55426693,87.74573307,343.3701827971005,5.79,17.27115716753022,100.3454231433506,12.9545768566494,12.90998278829604,27.1503,1.5423,-12.9545768566494,392.6758040769616,6,2018-08-13,0.4,深交所,可转债
128055.SZ,长青转2,2019-08-29,117.47,117.47,119.9,117.301,119.15,1.68,1.430152379330893,184,0.252054794521,0.6338797814207651,0.419639110365086,-0.576,97.62166856,21.52833144,22.05282060587636,7.41,13.49527665317139,111.4709851551957,7.679014844804319,6.888801452784504,11.4324,1.3309,-7.679014844804319,114.1867239102594,6,2019-02-26,0.5,深交所,可转债
128061.SZ,启明转债,2019-08-29,122.0,122.002,124.998,122.002,123.55,1.55,1.270491803278689,156,0.17095890411,0.5519125683060109,0.3157943621418292,-0.79,97.76044745,25.78955255,26.38035445080197,28.29,3.534817956875221,107.8119476846942,15.73805231530576,14.59768852459017,994.2119,7.7892,-15.73805231530576,110.2817657824604,6,2019-03-26,0.4,深交所,可转债
123016.SZ,洲明转债,2019-08-29,121.48,121.48,124.8,121.48,122.79,1.31,1.078366809351333,296,0.405479452055,0.5355191256830601,0.4071992833292614,-1.1489,97.33649408,25.45350592,26.15001306609625,7.82,12.78772378516624,110.1023017902813,12.68769820971867,11.52355400696864,15.584,3.1526,-12.68769820971867,113.1151299735423,6,2018-11-06,0.5,深交所,可转债
123024.SZ,岱勒转债,2019-08-29,113.03,113.03,116.5,112.7,114.231,1.201,1.062549765548969,162,0.177534246575,2.562841530054645,0.3501676427589708,-0.1621,82.463685,31.767315,38.52279339687524,24.9,4.016064257028113,115.7831325301205,-1.552132530120482,-1.340551508844953,-139.4226,4.4746,1.552132530120482,140.4049946714369,5,2019-03-21,0.4,深交所,可转债
128045.SZ,机电转债,2019-08-29,113.36,112.711,114.43,112.711,114.43,1.07,0.9438955539872971,3,0.004109589041,1.035616438356164,0.4369483527047103,-0.8383,96.79073337,17.63926663,18.22412747155322,7.63,13.10615989515072,88.59764089121887,25.83235910878113,29.15693786982249,37.5156,2.6911,-25.83235910878113,91.53525116142931,6,2018-08-24,0.2,深交所,可转债
113541.SH,荣晟转债,2019-08-29,101.95,101.96,103.14,101.81,102.84,0.89,0.8729769494850417,38,0.052054794521,2.830601092896175,0.486192143134967,2.0282,84.12492502,18.71507498,22.24676571842489,18.72,5.341880341880342,93.91025641025641,8.92974358974359,9.508805460750853,11.2904,2.3923,-8.92974358974359,111.6319050363849,6,2019-07-23,0.5,上交所,可转债
123027.SZ,蓝晓转债,2019-08-29,112.11,112.11,113.0,112.11,113.0,0.89,0.7938631701007939,80,0.109589041096,3.153424657534246,0.4424778761061947,1.0692,78.53363224,34.46636776,43.88739801906812,29.59,3.379520108144643,105.7113889827645,7.288611017235553,6.894820971867008,28.7363,6.6405,-7.288611017235553,134.6065194841731,6,2019-06-10,0.5,深交所,可转债
128067.SZ,一心转债,2019-08-29,116.12,116.12,117.301,116.12,117.001,0.881,0.7586978987254565,133,0.109315068493,1.180821917808219,0.2564080648883343,-0.5947,95.07973083,21.92126917,23.05567020293173,27.28,3.665689149560117,95.34457478005865,21.65642521994135,22.71385159554018,21.8952,3.5018,-21.65642521994135,100.2785493267037,6,2019-04-19,0.3,深交所,可转债
110050.SH,佳都转债,2019-08-29,124.2,124.31,125.99,123.81,125.11,0.91,0.7326892109500805,254,0.278356164384,0.6120218579234973,0.3197186475901207,-1.7219,97.79514517,27.31485483,27.93068590727877,7.89,12.67427122940431,119.6451204055767,5.464879594423321,4.567574152542373,19.7397,3.7379,-5.464879594423321,122.3425970661369,6,2018-12-19,0.4,上交所,可转债
113009.SH,广汽转债,2019-08-29,110.19,110.0,111.87,110.0,110.96,0.77,0.6987929939195934,220,0.904109589041,2.4,1.35183850036049,-0.7527,100.796497,10.163503,10.08319068866054,14.46,6.915629322268327,82.01936376210236,28.94063623789765,35.28512647554806,10.927,1.532,-28.94063623789765,81.37124424284542,6,2016-01-22,0.2,上交所,可转债
113503.SH,泰晶转债,2019-08-29,121.41,122.0,125.8,121.78,122.23,0.82,0.6753974137220987,258,0.424109589041,0.7431693989071039,0.4908778532275219,-1.8694,97.7801009,24.4498991,25.00498452645798,17.9,5.58659217877095,116.9832402234637,5.246759776536313,4.485052531041069,394.9794,5.2465,-5.246759776536313,119.639107698511,6,2017-12-15,0.4,上交所,可转债
128058.SZ,拓邦转债,2019-08-29,120.0,119.053,122.0,119.053,120.661,0.661,0.5508333333333333,176,0.192876712329,1.243835616438356,0.331507280728653,0.3564,95.07787558,25.58312442,26.90754738043549,5.54,18.05054151624549,108.8447653429603,11.81623465703971,10.85604311774461,16.7735,2.7265,-11.81623465703971,114.4795933638385,6,2019-03-07,0.4,深交所,可转债
128029.SZ,太阳转债,2019-08-29,116.102,115.853,117.89,115.853,116.715,0.613,0.5279840140566054,251,0.343835616438,3.315068493150685,0.4283939510774108,-2.2569,96.35201053,20.36298947,21.13395388221797,8.65,11.5606936416185,89.2485549132948,27.4664450867052,30.77522668393782,11.2816,1.541,-27.4664450867052,92.62760000789659,5,2017-12-22,0.3,深交所,可转债
128015.SZ,久其转债,2019-08-29,93.05,93.199,93.826,93.15,93.53,0.48,0.5158516926383665,83,0.227397260274,3.287671232876712,1.069175665561852,4.9282,75.86714724,17.66285276,23.28129289496664,9.48,10.54852320675106,64.9789029535865,28.5510970464135,43.93902597402597,-26.3678,5.0327,-28.5510970464135,85.64827506698076,6,2017-06-08,0.3,深交所,可转债
128062.SZ,亚药转债,2019-08-29,96.0,96.012,96.598,96.01,96.43,0.43,0.4479166666666667,150,0.123287671233,5.592896174863388,0.3111065021258944,4.0768,97.44344755,-1.01344755,-1.040036631996196,16.25,6.153846153846154,63.50769230769231,32.92230769230769,51.83987403100775,68.7966,2.0277,-32.92230769230769,65.17389717261939,6,2019-04-02,0.3,深交所,可转债
128059.SZ,视源转债,2019-08-29,124.53,124.002,125.3,124.0,124.99,0.46,0.3693889022725448,172,0.188493150685,1.005479452054795,0.3200256020481638,-1.6335,96.00776937,28.98223063,30.18738047991376,75.71,1.320829480914014,113.010170387003,11.97982961299696,10.60066503038803,49.7209,15.1092,-11.97982961299696,117.7094011542735,6,2019-03-08,0.4,深交所,可转债
113519.SH,长久转债,2019-08-29,108.62,109.18,109.99,108.8,109.02,0.4,0.3682563063892469,296,0.405479452055,5.191780821917808,0.458631443771785,2.0085,95.79847593,13.22152407,13.80139291533299,11.85,8.438818565400844,89.11392405063292,19.90607594936709,22.33778409090909,64.6652,2.4768,-19.90607594936709,93.02227742719884,6,2018-11-07,0.5,上交所,可转债
113508.SH,新凤转债,2019-08-29,104.0,103.6,104.4,103.6,104.38,0.38,0.3653846153846154,126,0.172602739726,2.008219178082192,0.4790189691511784,1.7121,93.31933553,11.06066447,11.85248952661504,16.83,5.941770647653001,68.62745098039215,35.75254901960784,52.09657142857143,11.7013,1.6607,-35.75254901960784,73.54044110004408,6,2018-04-26,0.3,上交所,可转债
123011.SZ,德尔转债,2019-08-29,97.1,97.1,97.576,96.917,97.45,0.35,0.3604531410916581,43,0.094246575342,4.885245901639344,0.8209338122113905,3.9123,86.09522548,11.35477452,13.18862277982851,34.66,2.885170225043278,77.52452394691286,19.92547605308713,25.70215854112393,34.7099,1.4738,-19.92547605308713,90.0450907872027,6,2018-07-18,0.5,深交所,可转债
110034.SH,九州转债,2019-08-29,105.8,105.31,106.5,105.31,106.18,0.38,0.3591682419659735,227,0.497534246575,2.380821917808219,0.7534375588623092,1.6712,101.70639975,4.47360025,4.398543514465519,18.32,5.458515283842795,73.2532751091703,32.9267248908297,44.94915052160954,16.9531,1.5695,-32.9267248908297,72.02425342872321,6,2016-01-15,0.2,上交所,可转债
123026.SZ,中环转债,2019-08-29,110.12,110.12,111.65,110.12,110.511,0.391,0.3550671994188158,81,0.11095890411,1.295890410958904,0.4524436481436237,0.1133,92.85623365,17.65476635,19.01301146517049,12.31,8.123476848090982,107.5548334687246,2.956166531275386,2.748520392749245,34.4751,2.7268,-2.956166531275386,115.8294163363631,5,2019-06-10,0.5,深交所,可转债
128053.SZ,尚荣转债,2019-08-29,108.651,109.01,109.98,108.18,109.0,0.349,0.3212119538706501,197,0.215890410959,5.463013698630137,0.3669724770642202,1.0547,89.51851914,19.48148086,21.76251466976624,4.89,20.44989775051125,103.0674846625767,5.932515337423313,5.755952380952381,32.8067,1.5313,-5.932515337423313,115.1353771853477,6,2019-02-14,0.4,深交所,可转债
128047.SZ,光电转债,2019-08-29,137.609,137.493,140.05,136.421,138.01,0.401,0.2914053586611341,298,0.163287671233,0.1698630136986301,0.1425348371618868,-4.3558,99.52845123,38.48154877,38.66386776287024,30.87,3.239390994493035,138.2896015549077,-0.2796015549076774,-0.2021855235418131,38.2991,6.9586,0.2796015549076774,138.9447940220979,6,2018-11-02,0.2,深交所,可转债
110054.SH,通威转债,2019-08-29,130.67,130.31,132.62,128.01,131.02,0.35,0.267850309941073,165,0.22602739726,0.5491803278688525,null,-2.2758,98.21753938,32.80246062,33.39776258605757,12.28,8.143322475570033,122.8827361563518,8.137263843648208,6.621974817760106,20.1919,3.7619,-8.137263843648208,125.1128229561149,6,2019-03-15,0.5,上交所,可转债
128022.SZ,众信转债,2019-08-29,99.6,99.88,100.87,99.553,99.85,0.25,0.251004016064257,272,0.372602739726,3.312328767123288,0.5007511266900351,2.4142,63.01042788,36.83957212,58.46583392539248,7.91,12.64222503160556,68.01517067003793,31.83482932996207,46.80548327137547,21.4751,2.0528,-31.83482932996207,107.942721480275,6,2017-12-01,0.3,深交所,可转债
113529.SH,绝味转债,2019-08-29,139.7,141.0,141.74,139.7,140.03,0.33,0.2362204724409449,172,0.188493150685,0.2328767123287671,0.199801057462708,-3.0556,99.18212043,40.84787957,41.18472098892996,28.51,3.50754121360926,144.4054717642932,-4.375471764293231,-3.029990284187515,29.8043,7.4728,4.375471764293231,145.5962739435588,6,2019-03-08,0.4,上交所,可转债
128070.SZ,智能转债,2019-08-29,100.76,100.76,101.01,100.71,100.99,0.23,0.2282651845970623,59,0.080821917808,5.841530054644808,0.4950985246063967,2.7771,71.71449462,29.27550538,40.82229894406247,9.55,10.47120418848168,88.48167539267016,12.50832460732984,14.13662721893491,56.4463,4.3068,-12.50832460732984,123.3804628499663,6,2019-07-02,0.5,深交所,可转债
113525.SH,台华转债,2019-08-29,105.15,108.31,108.31,105.2,105.39,0.24,0.2282453637660485,256,0.280547945205,3.356164383561644,0.379542651105418,1.7457,88.94410418,16.44589582,18.4901472352993,8.11,12.3304562268804,84.4636251541307,20.9263748458693,24.77560583941606,18.1398,2.0718,-20.9263748458693,94.96259019394702,6,2018-12-17,0.4,上交所,可转债
110056.SH,亨通转债,2019-08-29,99.7,99.79,100.09,99.79,99.91,0.21,0.2106318956870612,164,0.134794520548,3.271232876712329,0.300270243218897,2.6295,89.84080045,10.06919955,11.20782484079036,21.64,4.621072088724584,67.19038817005546,32.71961182994455,48.69686382393397,15.1488,2.1466,-32.71961182994455,74.7882786367755,6,2019-03-18,0.3,上交所,可转债
110031.SH,航信转债,2019-08-29,108.8,108.97,109.11,108.81,109.0,0.2,0.1838235294117647,79,0.324657534247,1.786885245901639,1.376146788990826,-0.2589,102.45058661,6.54941339,6.392753430423721,41.94,2.384358607534573,50.52455889365761,58.47544110634239,115.7366682397357,28.9745,3.7111,-58.47544110634239,49.31602694086088,6,2015-06-12,0.2,上交所,可转债
123007.SZ,道氏转债,2019-08-29,103.115,103.3,103.63,103.1,103.298,0.183,0.1774717548368327,245,0.469863013699,1.956284153005464,0.6776510677844683,1.9284,90.6740703,12.6239297,13.92231501049093,15.05,6.644518272425249,75.28239202657808,28.01560797342193,37.21402471315093,-40.6278,2.2797,-28.01560797342193,83.025270374984,6,2017-12-28,0.5,深交所,可转债
128018.SZ,时达转债,2019-08-29,95.84,96.1,96.1,95.753,96.009,0.169,0.1763355592654424,297,0.406849315068,2.164383561643836,0.5207845097855409,3.2763,93.65858293,2.35041707,2.50955865065425,7.45,13.42281879194631,66.71140939597315,29.29759060402684,43.91691146881288,49.3739,1.2217,-29.29759060402684,71.22829249491524,6,2017-11-06,0.3,深交所,可转债
113515.SH,高能转债,2019-08-29,118.3,117.31,119.0,117.31,118.5,0.2,0.169061707523246,35,0.057534246575,0.8032786885245902,0.4537594245002447,-0.9998,96.98418783,21.51581217,22.18486606055234,9.33,10.71811361200429,104.7159699892819,13.78403001071811,13.1632548618219,16.0514,2.3355,-13.78403001071811,107.9722090087867,6,2018-07-26,0.4,上交所,可转债
110047.SH,山鹰转债,2019-08-29,106.71,106.71,107.14,106.53,106.88,0.17,0.1593102801986693,282,0.30904109589,5.23013698630137,0.374251497005988,2.0352,96.8368065,10.0431935,10.37125640858469,3.34,29.94011976047904,91.91616766467065,14.96383233532934,16.27986970684039,7.6812,1.058,-14.96383233532934,94.91862752069447,6,2018-11-21,0.4,上交所,可转债
127004.SZ,模塑转债,2019-08-29,93.01,93.02,93.194,93.02,93.158,0.148,0.1591226749811848,89,0.243835616438,3.759562841530055,1.073445114751283,5.7037,90.85692852,2.30107148,2.532631817389109,7.59,13.17523056653491,45.45454545454545,47.70345454545455,104.9476,23.9479,1.2583,-47.70345454545455,50.02870578498558,6,2017-06-02,0.5,深交所,可转债
128010.SZ,蔚蓝转债,2019-08-29,101.64,101.502,101.874,101.502,101.8,0.16,0.157418339236521,220,0.964383561644,1.505464480874317,1.571709233791748,0.6511,97.68723441,4.11276559,4.210136170646864,9.26,10.79913606911447,40.28077753779698,61.51922246220303,152.7260053619303,72.3262,1.8689,-61.51922246220303,41.23443332292099,6,2016-01-22,0.5,深交所,可转债
113027.SH,华钰转债,2019-08-29,103.24,103.24,103.45,103.1,103.38,0.14,0.1356063541263076,77,0.063287671233,5.792349726775957,0.2901915264074289,1.9215,63.10598599,40.27401401,63.81964147803976,10.17,9.83284169124877,95.67354965585054,7.706450344149459,8.054943473792395,65.5108,2.4223,-7.706450344149459,151.6077249328001,6,2019-06-13,0.3,上交所,可转债
113524.SH,奇精转债,2019-08-29,100.91,100.91,101.74,100.67,101.03,0.12,0.1189178475869587,259,0.283835616438,5.293150684931507,0.395922003365337,3.0901,84.28307924,16.74692076,19.8698492164867,14.56,6.868131868131868,82.55494505494505,18.47505494505495,22.37910149750416,31.7482,2.4175,-18.47505494505495,97.94960720391575,6,2018-12-14,0.4,上交所,可转债
128032.SZ,双环转债,2019-08-29,94.429,94.5,94.98,94.453,94.54,0.111,0.1175486344237469,248,0.339726027397,1.934426229508197,0.5288766659614977,3.8225,94.05818768,0.48181232,0.5122492064584504,9.93,10.07049345417926,52.97079556898288,41.56920443101712,78.47570342205323,24.5423,1.0605,-41.56920443101712,56.31704891997009,6,2017-12-25,0.3,深交所,可转债
113017.SH,吉视转债,2019-08-29,100.84,100.82,101.3,100.76,100.93,0.09,0.08925029750099167,246,0.33698630137,4.328767123287672,0.4953928465272962,2.1138,93.64121944,7.28878056,7.78373092916655,2.95,33.89830508474577,76.61016949152543,24.31983050847458,31.74491150442478,35.5158,1.0528,-24.31983050847458,81.81244322711206,6,2017-12-27,0.3,上交所,可转债
110042.SH,航电转债,2019-08-29,118.0,118.0,118.5,117.57,118.1,0.1,0.0847457627118644,248,0.339726027397,1.027397260273973,0.4233700254022015,-1.7056,97.48016067,20.61983933,21.15285734889628,14.18,7.052186177715091,103.737658674189,14.362341325811,13.84486743711761,76.2405,3.6103,-14.362341325811,106.4192528625107,6,2017-12-25,0.2,上交所,可转债
128023.SZ,亚太转债,2019-08-29,93.25,93.25,93.466,93.212,93.329,0.079,0.08471849865951743,269,0.368493150685,4.265753424657534,0.5357391593181112,4.6445,93.75528193,-0.42628193,-0.4546751086709681,10.34,9.671179883945841,46.42166344294004,46.90733655705996,101.0462208333333,-42.1095,1.3848,-46.90733655705996,49.51365137763608,6,2017-12-04,0.3,深交所,可转债
113527.SH,维格转债,2019-08-29,94.72,94.73,94.98,94.73,94.8,0.08,0.08445945945945946,218,0.298630136986,5.405479452054794,0.5274261603375527,4.6741,94.33841194,0.46158806,0.4892896228670605,10.52,9.505703422053232,73.00380228136882,21.79619771863118,29.85625,38.6048,0.8073,-21.79619771863118,77.38502353399784,6,2019-01-24,0.5,上交所,可转债
110038.SH,济川转债,2019-08-29,109.01,109.0,109.43,108.69,109.1,0.09,0.08256123291441152,290,0.397260273973,3.208219178082192,0.458295142071494,-0.0869,96.08143567,13.01856433,13.54951062004671,38.81,2.576655501159495,76.70703426951816,32.39296573048183,42.22945918710111,12.5877,4.5272,-32.39296573048183,79.8354372357373,5,2017-11-13,0.2,上交所,可转债
128025.SZ,特一转债,2019-08-29,108.417,108.98,110.987,108.45,108.5,0.083,0.07655625962718024,267,0.365753424658,4.271232876712329,0.4608294930875576,0.3936,84.44025804,24.05974196,28.49321226446598,15.45,6.472491909385114,99.93527508090615,8.564724919093852,8.570272020725389,16.9853,3.0692,-8.564724919093852,118.3502720154716,6,2017-12-06,0.3,深交所,可转债
113502.SH,嘉澳转债,2019-08-29,96.79,96.79,96.9,96.66,96.86,0.07,0.07232152081826634,293,0.481643835616,3.068493150684931,0.6194507536650836,3.8032,86.34508485,10.51491515,12.17778078308299,45.04,2.220248667850799,53.01953818827709,43.84046181172291,82.6873701842546,27.6259,2.4203,-43.84046181172291,61.40423427735747,6,2017-11-10,0.4,上交所,可转债
127003.SZ,海印转债,2019-08-29,104.0,104.037,104.17,104.0,104.07,0.07,0.0673076923076923,83,0.341095890411,2.775956284153005,1.441337561256846,3.1586,96.80848197,7.26151803,7.500910955560974,3.01,33.22259136212625,91.36212624584718,12.70787375415282,13.90934545454545,67.5766,1.8976,-12.70787375415282,94.37409242111596,6,2016-06-08,0.5,深交所,可转债
128069.SZ,华森转债,2019-08-29,105.0,105.001,105.793,104.881,105.066,0.066,0.06285714285714286,67,0.091780821918,3.298630136986302,0.4758913444882265,2.4307,82.25087146,22.81512854,27.73846420714872,18.08,5.530973451327434,91.59292035398231,13.4730796460177,14.70973913043478,36.1034,7.3314,-13.4730796460177,111.3579938159385,6,2019-06-21,0.5,深交所,可转债
113011.SH,光大转债,2019-08-29,112.83,112.95,114.2,112.85,112.9,0.07,0.06204023752548081,166,0.454794520548,3.549180327868852,0.8857395925597874,-0.9273,96.704314,16.195686,16.74763547777197,3.97,25.18891687657431,94.45843828715365,18.44156171284635,19.52346666666667,4.814,0.6606,-18.44156171284635,97.67758477367789,6,2017-03-17,0.2,上交所,可转债
127012.SZ,招路转债,2019-08-29,107.815,107.998,107.998,107.601,107.88,0.065,0.06028845707925613,161,0.044109589041,5.562841530054645,0.09269558769002595,0.0706,87.85247296,20.02752704,22.79677095614452,9.09,11.001100110011,86.90869086908691,20.97130913091309,24.13027848101266,10.6048,1.0518,-20.97130913091309,98.9257193803266,6,2019-03-21,0.1,深交所,可转债
128028.SZ,赣锋转债,2019-08-29,98.941,99.33,99.33,98.61,99.0,0.059,0.05963149755915141,252,0.345205479452,1.524590163934426,0.5050505050505051,2.4732,94.91163759,4.08836241,4.307545959391132,42.28,2.365184484389782,49.66887417218543,49.33112582781457,99.32,45.8851,3.4861,-49.33112582781457,52.33170076228734,6,2017-12-21,0.3,深交所,可转债
110033.SH,国贸转债,2019-08-29,111.05,110.98,111.18,110.71,111.11,0.06,0.0540297163439892,237,0.90904109589,2.186301369863014,1.260012600126001,-2.5117,97.55844499,13.55155501,13.89070419417721,8.34,11.99040767386091,91.24700239808153,19.86299760191847,21.76838370565046,5.1102,1.1052,-19.86299760191847,93.53060353456289,6,2016-01-05,0.3,上交所,可转债
128037.SZ,岩土转债,2019-08-29,95.201,95.201,95.34,95.108,95.25,0.049,0.05147004758353379,168,0.230136986301,4.543715846994536,0.5249343832020997,3.871,92.51772677,2.73227323,2.953242935586235,8.01,12.48439450686642,47.94007490636705,47.30992509363296,98.685546875,33.8334,1.8298,-47.30992509363296,51.81717772373131,6,2018-03-15,0.3,深交所,可转债
110043.SH,无锡转债,2019-08-29,104.09,104.17,104.3,103.89,104.14,0.05,0.04803535402055913,212,0.290410958904,4.421917808219178,0.4801229114653351,1.1815,92.6354319,11.5045681,12.41918763051614,6.52,15.33742331288344,80.8282208588957,23.3117791411043,28.8411385199241,8.0241,0.9386,-23.3117791411043,87.2541091470808,6,2018-01-30,0.3,上交所,可转债
128039.SZ,三力转债,2019-08-29,105.85,106.05,106.92,105.011,105.891,0.041,0.03873405762871988,83,0.113698630137,4.775956284153006,0.4721836605566101,0.8731,74.71404052,31.17695948,41.7283809883824,5.83,17.15265866209262,94.8542024013722,11.03679759862779,11.63553887884268,27.7729,1.8448,-11.03679759862779,126.9563280759537,6,2018-06-08,0.3,深交所,可转债
128050.SZ,钧达转债,2019-08-29,99.309,99.309,99.555,99.202,99.339,0.03,0.03020874241005347,263,0.432328767123,2.416438356164384,0.6039923896958899,4.4119,87.89856261,11.44043739,13.01549996984643,21.66,4.616805170821792,77.28531855955679,22.05368144044321,28.53540860215054,-22.6605,2.5192,-22.05368144044321,87.9255772389209,6,2018-12-07,0.6,深交所,可转债
113514.SH,威帝转债,2019-08-29,102.81,102.82,103.01,102.6,102.84,0.03,0.02918004085205719,41,0.067397260274,1.005479452054795,0.5834305717619603,2.0312,92.77374085,10.06625915,10.85033227912573,4.85,20.61855670103093,91.34020618556701,11.49979381443299,12.59006772009029,71.8494,3.3634,-11.49979381443299,98.45480558259392,5,2018-07-20,0.4,上交所,可转债
128051.SZ,光华转债,2019-08-29,103.58,103.703,104.299,103.108,103.599,0.019,0.0183433095192122,259,0.354794520548,2.027397260273973,0.4826301412175793,2.2112,89.3447829,14.2542171,15.95416837707711,12.72,7.861635220125787,87.34276729559748,16.25623270440252,18.61199639963996,72.1316,3.4054,-16.25623270440252,97.75922494921355,6,2018-12-14,0.5,深交所,可转债
128035.SZ,大族转债,2019-08-29,102.725,102.725,103.09,102.725,102.742,0.017,0.01654903869554636,205,0.224657534247,4.441095890410959,0.389324716279613,1.2316,91.51779477,11.22420523,12.26450578077014,52.3,1.912045889101338,58.60420650095603,44.13779349904398,75.3150603588907,43.0915,4.118,-44.13779349904398,64.03585952681497,6,2018-02-06,0.2,深交所,可转债
113014.SH,林洋转债,2019-08-29,99.1,98.99,99.39,98.89,99.11,0.01,0.01009081735620585,307,0.420547945205,2.084931506849315,0.504489960649783,1.7605,93.91281225,5.19718775,5.534056137265765,8.59,11.64144353899884,52.27008149010477,46.83991850989523,89.61133630289532,9.4481,0.8139,-46.83991850989523,55.65809418097238,6,2017-10-27,0.3,上交所,可转债
113024.SH,核建转债,2019-08-29,103.97,103.97,104.1,103.8,103.98,0.01,0.009618159084351255,144,0.078904109589,5.609289617486339,0.1923446816695519,1.0094,89.11290762,14.86709238,16.68343316031954,9.87,10.13171225937184,72.54305977710233,31.43694022289767,43.33555865921787,22.051,2.0733,-31.43694022289767,81.40578252304852,6,2019-04-04,0.2,上交所,可转债
113536.SH,三星转债,2019-08-29,104.07,104.38,104.8,103.81,104.08,0.01,0.009608917075045643,91,0.099726027397,2.33972602739726,0.3843197540353574,1.8132,90.49100708,13.58899292,15.01695401398996,19.75,5.063291139240507,94.68354430379746,9.396455696202532,9.924064171122994,23.1436,2.976,-9.396455696202532,104.6330982039917,6,2019-05-31,0.4,上交所,可转债
113517.SH,曙光转债,2019-08-29,117.8,117.66,118.2,117.4,117.81,0.01,0.008488964346349746,24,0.039452054795,0.587431693989071,null,-0.8743,97.78284545,20.02715455,20.48125564134931,36.53,2.737476047084588,96.93402682726526,20.87597317273474,21.53626941541937,78.3288,8.4494,-20.87597317273474,99.1319350354058,6,2018-08-06,0.4,上交所,可转债
123002.SZ,国祯转债,2019-08-29,117.8,117.775,118.081,117.775,117.805,0.005,0.004244482173174873,279,0.382191780822,4.238356164383561,0.4244302024532066,-1.5709,91.83534699,25.96965301,28.27849391457937,8.6,11.62790697674419,104.7674418604651,13.03755813953488,12.44428412874584,19.3334,2.6568,-13.03755813953488,114.0818271987074,6,2017-11-24,0.3,深交所,可转债
128013.SZ,洪涛转债,2019-08-29,95.99,95.99,96.048,95.8,95.992,0.002,0.002083550369830191,32,0.131506849315,2.915300546448087,1.562630219184932,5.2901,48.71267254,47.27932746,97.05755195668434,9.97,10.03009027081244,31.99598796389168,63.99601203610833,200.0126144200627,25.0853,1.2557,-63.99601203610833,65.68308880531742,6,2016-07-29,0.4,深交所,可转债
128063.SZ,未来转债,2019-08-29,106.59,106.37,106.87,106.271,106.59,0.0,0.0,149,0.204109589041,5.595628415300546,0.4690871563936579,3.5213,89.19585061,17.39414939,19.50107462515739,8.67,11.53402537485582,89.38869665513265,17.20130334486736,19.24326451612903,53.4873,3.0802,-17.20130334486736,100.2162051752562,6,2019-04-03,0.5,深交所,可转债
123003.SZ,蓝思转债,2019-08-29,106.5,106.5,107.4,106.3,106.5,0.0,0.0,265,0.36301369863,0.4520547945205479,0.4694835680751174,0.8396,98.93799757,7.56200243,7.643173114201932,10.44,9.578544061302683,82.95019157088123,23.54980842911877,28.39030023094688,-87.6759,2.1237,-23.54980842911877,83.84058057390217,6,2017-12-08,0.3,深交所,可转债
113534.SH,鼎胜转债,2019-08-29,100.11,100.01,100.36,100.01,100.11,0.0,0.0,143,0.156712328767,5.612021857923497,0.399560483468185,2.6007,79.61192082,20.49807918,25.74749983277693,20.7,4.830917874396135,68.84057971014492,31.26942028985507,45.42294736842106,27.2922,1.6646,-31.26942028985507,86.47019064618635,6,2019-04-08,0.4,上交所,可转债
110049.SH,海尔转债,2019-08-29,120.5,120.51,120.7,120.25,120.5,0.0,0.0,255,0.139726027397,0.3013698630136986,0.1655203774228382,-1.7353,99.08593901,21.41406099,21.61160423361264,14.2,7.042253521126761,109.5070422535211,10.99295774647887,10.03858520900322,11.5891,2.4651,-10.99295774647887,110.5172372060474,6,2018-12-18,0.2,上交所,可转债
128024.SZ,宁行转债,2019-08-29,125.7,125.7,125.7,125.7,125.7,0.0,0.0,8,null,null,null,null,null,null,null,17.7,5.649717514124294,126.1016949152542,-0.4016949152542373,-0.3185483870967742,9.1789,1.3726,0.4016949152542373,null,6,2017-12-05,0.2,深交所,可转债
113516.SH,苏农转债,2019-08-29,107.3,107.3,107.49,106.61,107.3,0.0,0.0,28,0.061369863014,4.926229508196721,0.7455731593662628,1.4638,95.41039688,11.88960312,12.46153826920335,5.67,17.63668430335097,90.47619047619048,16.82380952380952,18.59473684210526,7.9749,0.8501,-16.82380952380952,94.82843949384741,6,2018-08-02,0.5,上交所,可转债
110053.SH,苏银转债,2019-08-29,109.35,109.35,109.5,109.11,109.35,0.0,0.0,169,0.092602739726,4.142465753424657,0.1828989483310471,1.6266,91.65968573,17.69031427,19.29999446224372,7.56,13.22751322751323,88.22751322751323,21.12248677248677,23.94092953523239,4.8913,0.7408,-21.12248677248677,96.25552665258219,6,2019-03-13,0.2,上交所,可转债
128012.SZ,辉丰转债,2019-08-29,97.1,97.101,97.101,97.017,97.082,-0.018,-0.01853759011328527,131,0.466575342466,1.64207650273224,1.339074184709833,3.2788,87.95521131,9.12678869,10.3766320995267,7.71,12.97016861219196,35.66796368352789,61.41403631647211,172.1826254545454,-28.4823,1.3456,-61.41403631647211,40.55241656780903,6,2016-04-21,0.5,深交所,可转债
123009.SZ,星源转债,2019-08-29,116.35,115.803,116.38,115.803,116.32,-0.03,-0.02578427159432746,176,0.241095890411,0.5573770491803278,0.4298486932599725,-1.1896,98.0677098,18.2522902,18.61192663438746,26.64,3.753753753753754,105.1426426426426,11.17735735735736,10.63066047840057,18.7932,4.1262,-11.17735735735736,107.2143347255394,6,2018-03-07,0.3,深交所,可转债
113522.SH,旭升转债,2019-08-29,110.2,110.21,110.21,109.6,110.17,-0.03,-0.02722323049001815,281,0.307945205479,0.5013698630136987,0.3630752473450122,1.7299,98.30496951,11.86503049,12.06961412952072,29.6,3.378378378378379,80.10135135135135,30.06864864864865,37.53825390130746,56.0136,6.8313,-30.06864864864865,81.48250464917045,6,2018-11-22,0.4,上交所,可转债
110030.SH,格力转债,2019-08-29,104.76,104.75,104.79,104.72,104.72,-0.04,-0.03818251240931653,248,1.358904109589,0.3232876712328767,null,3.7809,104.95102551,-0.23102551,-0.2201269676759731,6.94,14.40922190201729,70.46109510086455,34.25890489913545,48.62102249488753,12.3481,1.2768,-34.25890489913545,67.1371192024711,5,2014-12-25,0.6,上交所,可转债
128040.SZ,华通转债,2019-08-29,100.99,100.888,101.239,100.874,100.946,-0.044,-0.04356867016536291,77,0.126575342466,3.505464480874317,0.5943771917658947,2.4102,89.43607855,11.50992145,12.86943886248912,11.37,8.795074758135444,79.33157431838171,21.61442568161829,27.24567849223947,49.1385,3.0445,-21.61442568161829,88.70198202398903,6,2018-06-14,0.4,深交所,可转债
123012.SZ,万顺转债,2019-08-29,106.024,106.377,106.377,105.884,105.965,-0.059,-0.05564777786161624,41,0.067397260274,4.890710382513661,0.5662246968338602,0.9533,81.49518129,24.46981871,30.02609273660529,5.36,18.65671641791045,94.58955223880596,11.37544776119403,12.02611439842209,33.479,1.068,-11.37544776119403,116.0676628256212,6,2018-07-20,0.4,深交所,可转债
113511.SH,千禾转债,2019-08-29,128.89,130.0,130.25,127.47,128.81,-0.08,-0.06206843044456514,71,0.097260273973,0.7486338797814208,null,-2.77,95.74313048,33.06686952,34.5370674159306,18.31,5.461496450027307,121.791370835609,7.018629164391043,5.762829596412556,58.6908,7.8194,-7.018629164391043,127.2063804734798,6,2018-06-20,0.3,上交所,可转债
123020.SZ,富祥转债,2019-08-29,116.38,116.44,117.0,115.414,116.301,-0.079,-0.06788107922323423,182,0.299178082192,1.016438356164384,0.5159027007506384,0.7542,94.39304893,21.90795107,23.20928428347144,14.93,6.697923643670462,108.5063630274615,7.794636972538513,7.183575925925926,19.0379,3.938,-7.794636972538513,114.9516455474678,6,2019-02-28,0.6,深交所,可转债
127013.SZ,创维转债,2019-08-29,99.8,99.721,99.8,99.71,99.73,-0.07,-0.07014028056112225,137,0.150136986301,2.833333333333334,0.4010829238945152,3.1415,89.37703537,10.35296463,11.58347285423056,11.57,8.64304235090752,73.98444252376837,25.74555747623164,34.79860981308411,17.5939,2.7654,-25.74555747623164,82.77791069874951,6,2019-04-12,0.4,深交所,可转债
113530.SH,大丰转债,2019-08-29,98.7,99.03,99.17,98.5,98.63,-0.07,-0.07092198581560284,156,0.17095890411,5.576502732240437,0.4055561188279428,3.9679,93.85710135,4.77289865,5.085282393498933,16.76,5.966587112171838,67.24343675417661,31.38656324582339,46.67602484472049,19.2252,2.54,-31.38656324582339,71.64448484661902,6,2019-03-26,0.4,上交所,可转债
128034.SZ,江银转债,2019-08-29,107.083,107.163,107.278,106.501,107.0,-0.083,-0.07750996890262693,216,0.295890410959,4.410958904109589,0.4672897196261682,0.5547,92.67467935,14.32532065,15.45764253027329,4.68,21.36752136752137,93.37606837606837,13.62393162393162,14.59038901601831,11.8161,0.8559,-13.62393162393162,100.7568291910884,6,2018-01-26,0.3,深交所,可转债
110041.SH,蒙电转债,2019-08-29,123.5,122.7,123.57,122.7,123.4,-0.1,-0.08097165991902834,251,0.412602739726,2.186301369863014,0.4862236628849271,-7.6084,95.06798794,28.33201206,29.80184252756154,2.82,35.46099290780142,111.3475177304965,12.05248226950355,10.82420382165605,12.3303,1.6196,-12.05248226950355,117.1240920768944,6,2017-12-22,0.4,上交所,可转债
123028.SZ,清水转债,2019-08-29,103.93,103.823,104.163,103.803,103.842,-0.088,-0.08467237563744828,72,0.118356164384,2.254794520547945,0.5778008898133703,-0.6144,83.88523285,19.95676715,23.79056059328802,11.95,8.368200836820083,91.96652719665272,11.87547280334728,12.91282074613285,16.6483,1.6541,-11.87547280334728,109.6337508666196,6,2019-06-18,0.6,深交所,可转债
123010.SZ,博世转债,2019-08-29,104.8,104.013,104.99,104.012,104.711,-0.089,-0.08492366412213741,56,0.092054794521,4.849726775956285,0.573005701406729,1.5953,69.60546232,35.10553768,50.43503269701434,12.38,8.077544426494345,86.51050080775444,18.20049919224556,21.03848552754435,13.4518,2.5873,-18.20049919224556,124.28694232363,6,2018-07-05,0.4,深交所,可转债
113012.SH,骆驼转债,2019-08-29,102.71,103.1,103.1,102.62,102.62,-0.09,-0.08762535293544932,159,0.435616438356,2.013698630136986,0.9744689144416293,0.1343,94.78404403,7.83595597,8.267167802546862,13.29,7.524454477050414,73.81489841986456,28.80510158013544,39.0234250764526,13.8102,1.3586,-28.80510158013544,77.87692451326669,6,2017-03-24,0.3,上交所,可转债
128065.SZ,雅化转债,2019-08-29,96.554,96.54,96.577,96.414,96.465,-0.089,-0.09217639869917352,136,0.14904109589,1.508196721311475,0.4146581661742601,2.6266,93.89260986,2.57239014,2.739715238329834,8.96,11.16071428571429,70.08928571428571,26.37571428571429,37.6315923566879,25.8339,2.2332,-26.37571428571429,74.64835179125748,6,2019-04-16,0.4,深交所,可转债
128054.SZ,中宠转债,2019-08-29,107.099,106.6,107.088,106.6,107.0,-0.099,-0.09243783788830895,196,0.214794520548,0.8770491803278688,0.3738317757009346,1.4543,93.36095037,13.63904963,14.60894472040709,22.28,4.488330341113106,85.50269299820467,21.49730700179533,25.14225721784777,100.5315,4.058,-21.49730700179533,91.58292911473997,6,2019-02-14,0.4,深交所,可转债
110058.SH,永鼎转债,2019-08-29,96.6,96.6,96.78,96.48,96.51,-0.09,-0.09316770186335403,136,0.14904109589,5.631147540983607,0.4144648222982074,3.275,79.50916095,17.00083905,21.38223928773581,6.35,15.74803149606299,65.35433070866142,31.15566929133858,47.67192771084337,95.5058,1.8592,-31.15566929133858,82.19723353609534,6,2019-04-15,0.4,上交所,可转债
128049.SZ,华源转债,2019-08-29,101.4,101.4,101.6,100.99,101.304,-0.096,-0.09467455621301775,276,0.378082191781,5.246575342465754,0.4935639263997473,2.6255,82.75421006,18.54978994,22.41552414862118,7.52,13.29787234042553,88.69680851063829,12.6071914893617,14.21380509745127,40.1424,1.4883,-12.6071914893617,107.1810225078938,6,2018-11-26,0.5,深交所,可转债
110045.SH,海澜转债,2019-08-29,100.7,100.3,100.69,100.3,100.6,-0.1,-0.09930486593843098,48,0.065753424658,4.871584699453552,0.4970178926441352,2.1851,92.60543351,7.99456649,8.632934577361173,12.02,8.319467554076539,70.13311148086522,30.46688851913478,43.44151838671412,8.7662,3.0526,-30.46688851913478,75.73325756667604,6,2018-07-13,0.3,上交所,可转债
123023.SZ,迪森转债,2019-08-29,99.89,100.1,101.79,99.7,99.786,-0.104,-0.1041145259785764,163,0.178630136986,3.068493150684931,0.4008578357685447,2.6883,83.70704206,16.07895794,19.20860843281839,7.19,13.90820584144645,82.05841446453408,17.72758553546592,21.60361694915254,19.4181,1.4016,-17.72758553546592,98.03047921071656,6,2019-03-19,0.4,深交所,可转债
128020.SZ,水晶转债,2019-08-29,119.011,118.001,119.451,118.001,118.872,-0.139,-0.1167959264269689,286,0.391780821918,0.463013698630137,0.4206204993606568,-1.5091,98.66430645,20.20769355,20.48126042444806,12.23,8.176614881439084,99.67293540474243,19.19906459525756,19.26206398687449,42.9371,3.6279,-19.19906459525756,101.0222835299142,6,2017-11-17,0.3,深交所,可转债
128043.SZ,东音转债,2019-08-29,160.0,161.0,164.9,159.204,159.798,-0.202,-0.12625,28,0.04602739726,1.180821917808219,0.3754740359704126,-6.5506,95.66708463,64.13091537,67.03550716323318,11.13,8.984725965858042,159.9281221922731,-0.1301221922731357,-0.08136292134831463,37.9099,4.0414,0.1301221922731357,167.171522797844,6,2018-08-02,0.4,深交所,可转债
128068.SZ,和而转债,2019-08-29,133.18,133.6,136.086,132.6,133.0,-0.18,-0.1351554287430545,87,0.095342465753,0.4794520547945205,0.2144706027363459,-2.7918,97.04545942,35.95454058,37.04917344395627,9.09,11.001100110011,155.6655665566557,-22.66556655665567,-14.56042402826855,35.6506,6.9509,22.66556655665567,160.4047912050739,6,2019-06-04,0.4,深交所,可转债
128046.SZ,利尔转债,2019-08-29,103.2,103.2,103.2,103.05,103.05,-0.15,-0.1453488372093023,317,0.347397260274,3.183561643835617,0.3881610868510432,1.9055,89.91380427,13.13619573,14.60976524867487,18.62,5.370569280343717,65.09129967776585,37.95870032223416,58.31608910891089,19.9205,2.1144,-37.95870032223416,72.39299927996011,6,2018-10-16,0.4,深交所,可转债
128057.SZ,博彦转债,2019-08-29,109.2,109.199,109.41,108.233,109.02,-0.18,-0.1648351648351648,178,0.243835616438,2.254794520547945,0.458631443771785,-2.613,87.86759165,21.15240835,24.07304895103495,8.81,11.35073779795687,101.1350737797957,7.884926220204314,7.796430976430976,21.3389,1.8786,-7.884926220204314,115.0994034098984,6,2019-03-04,0.5,深交所,可转债
127005.SZ,长证转债,2019-08-29,117.45,117.45,117.795,116.701,117.25,-0.2,-0.1702852277564921,171,0.187397260274,4.53551912568306,0.3411513859275053,-1.4841,93.22090245,24.02909755,25.77651247571676,7.43,13.45895020188425,94.07806191117093,23.17193808882907,24.63054363376252,12.628,1.4704,-23.17193808882907,100.9194927732336,6,2018-03-12,0.2,深交所,可转债
113016.SH,小康转债,2019-08-29,97.62,97.63,97.68,97.4,97.45,-0.17,-0.1741446424912928,297,0.406849315068,3.825136612021858,0.513083632632119,3.1832,83.56198475,13.88801525,16.62001601751088,17.12,5.841121495327103,77.33644859813084,20.11355140186916,26.00785498489426,-22.1536,2.6492,-20.11355140186916,92.54979860699257,6,2017-11-06,0.3,上交所,可转债
113019.SH,玲珑转债,2019-08-29,125.47,125.9,125.9,124.32,125.25,-0.22,-0.1753407188969475,182,0.249315068493,1.016438356164384,0.3992015968063872,-2.9288,97.34548859,27.90451141,28.66543875240927,18.55,5.390835579514825,110.0808625336927,15.16913746630728,13.77999510284035,16.8967,2.5103,-15.16913746630728,113.0826545001295,5,2018-03-01,0.3,上交所,可转债
127007.SZ,湖广转债,2019-08-29,111.487,111.487,111.8,111.281,111.29,-0.197,-0.1767022164019123,63,0.138082191781,4.830601092896175,0.7188426633120676,0.3415,94.12379788,17.16620212,18.23789786073601,5.61,17.825311942959,96.2566844919786,15.03331550802139,15.61794444444445,19.6572,0.8095,-15.03331550802139,102.2660439336478,6,2018-06-28,0.5,深交所,可转债
113021.SH,中信转债,2019-08-29,105.96,105.98,105.99,105.75,105.77,-0.19,-0.1793129482823707,179,0.147123287671,5.513661202185793,0.2836343008414484,2.2363,97.28291934,8.48708066,8.724122094175634,7.22,13.85041551246537,77.42382271468144,28.34617728531856,36.61169946332737,4.8318,0.653,-28.34617728531856,79.58624519078032,6,2019-03-01,0.3,上交所,可转债
123013.SZ,横河转债,2019-08-29,103.211,103.68,103.68,102.68,103.022,-0.189,-0.1831200162773348,35,0.076712328767,4.907103825136612,0.7765331676729242,2.5053,77.88966264,25.13233736,32.26658905451898,9.22,10.84598698481562,86.00867678958785,17.01332321041215,19.78093820933165,120.6113,3.6404,-17.01332321041215,110.4237377264212,6,2018-07-26,0.5,深交所,可转债
113528.SH,长城转债,2019-08-29,99.93,99.8,99.97,99.72,99.74,-0.19,-0.1901330931652157,182,0.249315068493,2.32054794520548,0.5013033888109084,3.1924,87.69490726,12.04509274,13.73522490227216,24.03,4.161464835622139,77.52808988764045,22.21191011235955,28.65014492753623,22.5089,1.9233,-22.21191011235955,88.40660456802044,6,2019-02-27,0.5,上交所,可转债
113026.SH,核能转债,2019-08-29,107.9,107.9,107.99,107.51,107.68,-0.22,-0.2038924930491196,137,0.075068493151,2.527322404371585,0.1857355126300149,0.3862,92.31389711,15.36610289,16.64549257593357,6.2,16.12903225806452,88.2258064516129,19.4541935483871,22.05045703839123,16.3854,1.807,-19.4541935483871,95.57153279585219,6,2019-04-12,0.2,上交所,可转债
128066.SZ,亚泰转债,2019-08-29,104.522,104.399,104.4,104.16,104.304,-0.218,-0.2085685310269608,135,0.184931506849,5.633879781420765,0.4793680012271821,2.265,81.45134711,22.85265289,28.05681391510628,17.29,5.78368999421631,83.05378831694621,21.25021168305379,25.58608356545961,27.1663,1.8236,-21.25021168305379,101.9673599809002,6,2019-04-17,0.5,深交所,可转债
113504.SH,艾华转债,2019-08-29,110.18,110.0,110.2,109.94,109.95,-0.23,-0.208749319295698,181,0.247945205479,4.508196721311475,0.4547521600727604,0.1744,91.0281393,18.9218607,20.78682575026556,21.43,4.666355576294913,89.1740550629958,20.7759449370042,23.29819466248038,31.7976,3.818,-20.7759449370042,97.9631746279096,6,2018-03-02,0.3,上交所,可转债
113538.SH,安图转债,2019-08-29,130.48,130.95,131.0,129.85,130.19,-0.29,-0.2222562844880441,63,0.051780821918,0.4767123287671233,0.1485848551738382,-2.1251,97.87302274,32.31697726,33.01929005079383,64.11,1.559819060988925,133.8792700046795,-3.689270004679457,-2.755669346382384,56.2817,18.8455,3.689270004679457,136.7887352987249,6,2019-06-28,0.3,上交所,可转债
113532.SH,海环转债,2019-08-29,106.16,106.16,106.25,105.9,105.9,-0.26,-0.2449133383571967,150,0.164383561644,5.592896174863388,0.3777148253068933,1.2394,91.97727104,13.92272896,15.13714073332872,7.75,12.90322580645161,90.45161290322581,15.44838709677419,17.07917261055635,24.9781,2.0206,-15.44838709677419,98.34126614159851,6,2019-04-02,0.4,上交所,可转债
113535.SH,大业转债,2019-08-29,100.55,100.55,100.68,100.25,100.3,-0.25,-0.2486325211337643,113,0.123835616438,4.383561643835616,0.3988035892323031,2.7056,79.45675704,20.84324296,26.23218431820358,12.56,7.961783439490446,82.40445859872611,17.89554140127389,21.71671497584541,12.3732,1.9046,-17.89554140127389,103.7098186089349,5,2019-05-09,0.4,上交所,可转债
113542.SH,好客转债,2019-08-29,109.0,108.68,108.99,108.56,108.71,-0.29,-0.2660550458715597,29,0.031780821918,5.923497267759563,0.3679514304111857,1.017,86.44326403,22.26673597,25.75878666760242,16.62,6.016847172081829,91.33574007220217,17.37425992779783,19.02241106719368,30.5757,2.0301,-17.37425992779783,105.6597539404623,6,2019-08-01,0.4,上交所,可转债
113537.SH,文灿转债,2019-08-29,100.73,100.73,101.0,100.3,100.46,-0.27,-0.2680432840266058,81,0.11095890411,5.781420765027322,0.4977105315548477,3.501,82.88962553,17.57037447,21.19731432933161,19.93,5.017561465127947,86.30205720020071,14.1579427997993,16.40510465116279,50.3119,1.881,-14.1579427997993,104.1168380824276,6,2019-06-06,0.5,上交所,可转债
128056.SZ,今飞转债,2019-08-29,101.974,101.181,101.904,101.0,101.7,-0.274,-0.268695942102889,183,0.300821917808,5.501369863013698,0.5899705014749262,3.3861,76.84579822,24.85420178,32.34295479480284,6.78,14.74926253687316,90.41297935103245,11.28702064896755,12.48384991843393,59.509,2.3898,-11.28702064896755,117.6550721643769,6,2019-02-27,0.6,深交所,可转债
110048.SH,福能转债,2019-08-29,118.0,118.0,118.48,117.56,117.65,-0.35,-0.2966101694915254,266,0.291506849315,5.273972602739726,0.3399915002124947,-0.5574,93.01999444,24.63000556,26.47818429605144,8.48,11.79245283018868,101.1792452830189,16.47075471698113,16.27878787878788,13.4614,1.1661,-16.47075471698113,108.7715021830944,6,2018-12-07,0.4,上交所,可转债
110055.SH,伊力转债,2019-08-29,111.41,111.41,111.58,111.0,111.07,-0.34,-0.3051790683062562,168,0.230136986301,5.543715846994536,0.4501665616278023,0.723,89.37316744,21.69683256,24.27667406390851,17.25,5.797101449275362,88.92753623188406,22.14246376811594,24.89944589308996,16.7641,2.7624,-22.14246376811594,99.50138143149607,6,2019-03-14,0.5,上交所,可转债
113523.SH,伟明转债,2019-08-29,119.73,119.95,120.5,119.27,119.35,-0.38,-0.317380773406832,263,0.288219178082,0.4410958904109589,0.3351487222454965,-0.6646,98.48363782,20.86636218,21.18764359429711,17.47,5.724098454493418,115.626788780767,3.723211219232971,3.220024752475247,19.3181,5.6322,-3.723211219232971,117.4071057286692,6,2018-12-10,0.4,上交所,可转债
123014.SZ,凯发转债,2019-08-29,106.54,106.851,107.177,106.1,106.201,-0.339,-0.3181903510418622,34,0.055890410959,3.90983606557377,0.5649664315778571,0.7,79.65015387,26.55084613,33.33433124728752,8.14,12.28501228501229,89.1891891891892,17.01181081081081,19.07384848484849,105.9076,2.0973,-17.01181081081081,111.9761668442703,5,2018-07-27,0.4,深交所,可转债
113022.SH,浙商转债,2019-08-29,105.65,105.8,105.8,105.26,105.29,-0.36,-0.3407477520113583,171,0.093698630137,0.9918032786885246,0.1899515623516004,0.8082,96.73687862,8.55312138,8.841634650626068,12.46,8.025682182985554,65.00802568218299,40.28197431781702,61.96461728395062,28.047,1.9424,-40.28197431781702,67.20087169397547,6,2019-03-11,0.2,上交所,可转债
128064.SZ,司尔转债,2019-08-29,100.589,100.55,100.65,100.153,100.245,-0.344,-0.3419857042022488,144,0.157808219178,1.989071038251366,0.3990223951319268,2.5769,92.17868434,8.06631566,8.750738544116652,6.15,16.26016260162602,82.60162601626017,17.64337398373984,21.35959645669291,17.7561,1.0277,-17.64337398373984,89.6103330262179,6,2019-04-04,0.4,深交所,可转债
113015.SH,隆基转债,2019-08-29,148.52,152.0,152.4,147.52,147.98,-0.54,-0.3635873956369513,301,0.412328767123,0.01643835616438356,0.2832667131989323,-6.9126,100.35573337,47.62426663,47.45545175223306,18.66,5.359056806002144,148.1779206859593,-0.1979206859592712,-0.1335696202531646,24.9303,4.6936,0.1979206859592712,147.6526708639998,6,2017-11-02,0.3,上交所,可转债
113013.SH,国君转债,2019-08-29,117.19,117.08,117.55,116.66,116.75,-0.44,-0.3754586568819865,54,0.147945205479,3.855191256830601,0.8565310492505354,-1.727,95.30265243,21.44734757,22.50446028850364,19.4,5.154639175257732,88.19587628865979,28.55412371134021,32.37580362361192,15.1804,1.2951,-28.55412371134021,92.54293982367369,6,2017-07-07,0.2,上交所,可转债
113509.SH,新泉转债,2019-08-29,101.4,100.91,101.7,100.91,101.01,-0.39,-0.3846153846153846,87,0.119178082192,1.969945355191257,0.495000495000495,1.9987,93.26292053,7.74707947,8.30670906076546,18.89,5.293806246691371,66.70195870831128,34.30804129168872,51.43483333333333,15.4328,1.938,-34.30804129168872,71.52034091282309,6,2018-06-04,0.3,上交所,可转债
123004.SZ,铁汉转债,2019-08-29,100.575,100.51,100.738,100.05,100.16,-0.415,-0.4126273924931643,255,0.349315068493,4.304109589041096,0.4992012779552716,2.312,91.503699,8.656301,9.460055816978503,3.98,25.12562814070352,81.4070351758794,18.7529648241206,23.03604938271605,370.8348,1.1786,-18.7529648241206,88.96584079718941,6,2017-12-18,0.3,深交所,可转债
128014.SZ,永东转债,2019-08-29,98.948,99.0,99.0,98.515,98.532,-0.416,-0.4204228483647977,135,0.369863013699,3.633879781420765,1.014898713108432,3.7405,90.37464499,8.15735501,9.026154416321763,13.28,7.530120481927711,60.46686746987952,38.06513253012048,62.9520498132005,25.0266,1.9653,-38.06513253012048,66.90689349492904,6,2017-04-17,0.5,深交所,可转债
113521.SH,科森转债,2019-08-29,102.04,102.08,102.31,101.6,101.61,-0.43,-0.4214033712269698,287,0.393150684932,1.246575342465754,0.4920775514221041,2.5805,95.67811615,5.93188385,6.199833450629661,8.7,11.49425287356322,86.7816091954023,14.8283908045977,17.08701986754967,-51.7149,1.9045,-14.8283908045977,90.70162821699986,6,2018-11-16,0.5,上交所,可转债
123021.SZ,万信转2,2019-08-29,103.8,103.8,104.2,103.0,103.35,-0.45,-0.4335260115606937,179,0.196164383562,0.6256830601092896,0.3870343492985002,2.5303,97.53405848,5.81594152,5.962985249088755,13.6,7.352941176470588,87.57352941176471,15.7764705882353,18.01511335012594,174.6112,3.6262,-15.7764705882353,89.78764010904175,6,2019-03-01,0.4,深交所,可转债
128017.SZ,金禾转债,2019-08-29,114.0,113.699,114.54,113.0,113.5,-0.5,-0.4385964912280702,302,0.413698630137,4.175342465753425,0.4405286343612335,-0.6962,92.09093765,21.40906235,23.24774065323028,22.96,4.355400696864112,85.32229965156795,28.17770034843206,33.02501276161307,15.1487,2.7744,-28.17770034843206,92.65004986249909,6,2017-11-01,0.3,深交所,可转债
128036.SZ,金农转债,2019-08-29,129.5,130.2,131.5,128.5,128.922,-0.578,-0.4463320463320463,174,0.28602739726,4.527322404371585,0.465397682319542,-3.3352,65.30641637,63.61558363,97.41092401944027,9.62,10.3950103950104,124.948024948025,3.973975051975052,3.180502495840266,150.3919,3.1347,-3.973975051975052,191.3258021082025,6,2018-03-09,0.4,深交所,可转债
128021.SZ,兄弟转债,2019-08-29,114.68,115.0,115.6,114.0,114.16,-0.52,-0.4534356470177887,275,0.376712328767,4.249315068493151,0.4379817799579537,-0.8219,91.72596492,22.43403508,24.45767139061021,5.25,19.04761904761905,100.1904761904762,13.96952380952381,13.94296577946768,-46.6535,2.2768,-13.96952380952381,109.2280427661444,6,2017-11-28,0.3,深交所,可转债
128042.SZ,凯中转债,2019-08-29,103.0,102.999,103.0,102.245,102.516,-0.484,-0.4699029126213593,31,0.05095890411,4.918032786885246,0.5852744937375629,2.757,85.72507174,16.79092826,19.5869515407652,13.01,7.686395080707149,77.0945426594927,25.4214573405073,32.9743928215354,38.8341,2.3598,-25.4214573405073,89.93231629285388,6,2018-07-27,0.4,深交所,可转债
113028.SH,环境转债,2019-08-29,120.83,120.93,121.02,120.0,120.26,-0.57,-0.471737151369693,73,0.04,1.054794520547945,0.166306336271412,-1.394,96.31383918,23.94616082,24.86263762702601,10.44,9.578544061302683,110.536398467433,9.72360153256705,8.796741767764297,18.9375,1.7393,-9.72360153256705,114.7668906239451,6,2019-06-17,0.2,上交所,可转债
128033.SZ,迪龙转债,2019-08-29,102.36,102.5,102.5,101.862,101.866,-0.494,-0.482610394685424,246,0.33698630137,4.328767123287672,0.4908409086446901,1.8919,91.40385512,10.46214488,11.44606523025175,8.93,11.19820828667413,80.62709966405374,21.23890033594625,26.34213611111111,40.6584,2.2472,-21.23890033594625,88.2097364035708,6,2017-12-27,0.3,深交所,可转债
110057.SH,现代转债,2019-08-29,109.72,109.55,109.89,109.0,109.19,-0.53,-0.4830477579292745,151,0.082739726027,3.797814207650273,0.1831669566810147,0.2998,89.75066359,19.43933641,21.65926761143851,9.99,10.01001001001001,89.08908908908909,20.10091091091091,22.56270786516854,12.6235,1.3296,-20.10091091091091,99.26287508699309,6,2019-03-29,0.2,上交所,可转债
127006.SZ,敖东转债,2019-08-29,104.15,104.001,104.001,103.115,103.6,-0.55,-0.528084493518963,170,0.186301369863,4.538251366120218,0.3861003861003861,1.0169,91.14748003,12.45251997,13.66194651338843,20.62,4.849660523763337,77.49757516973811,26.10242483026188,33.68160200250313,7.2069,0.8738,-26.10242483026188,85.0243749407343,6,2018-03-13,0.2,深交所,可转债
128052.SZ,凯龙转债,2019-08-29,184.999,185.998,189.0,182.67,184.0,-0.999,-0.540002918934697,252,0.345205479452,1.568306010928962,0.2717391304347826,-8.5461,94.43631473,89.56368527,94.84030113422872,6.77,14.77104874446086,184.9335302806499,-0.933530280649926,-0.5047923322683706,30.2671,2.8173,0.933530280649926,195.8288300527056,6,2018-12-21,0.5,深交所,可转债
113520.SH,百合转债,2019-08-29,121.18,121.54,121.99,120.46,120.49,-0.69,-0.5694008912361775,295,0.404109589041,1.358904109589041,0.4149721968628102,-0.7952,92.83819978,27.65180022,29.78493797329856,14.28,7.002801120448179,112.8151260504202,7.674873949579832,6.803054003724395,17.1426,2.7673,-7.674873949579832,121.518002630124,6,2018-11-08,0.5,上交所,可转债
113008.SH,电气转债,2019-08-29,117.48,117.4,117.79,116.75,116.81,-0.67,-0.5703098399727613,209,0.858904109589,1.43013698630137,1.28413663213766,-5.3232,103.42641139,13.38358861,12.94020398671013,5.13,19.49317738791423,100.3898635477583,16.42013645224171,16.35636893203883,25.5921,1.3435,-16.42013645224171,97.06404988684031,6,2015-02-02,0.2,上交所,可转债
110051.SH,中天转债,2019-08-29,105.0,105.02,105.17,104.31,104.4,-0.6,-0.5714285714285714,183,0.200547945205,2.301369863013699,0.3831417624521073,1.6944,92.65444308,11.74555692,12.67673360235797,10.19,9.813542688910697,80.2747791952895,24.1252208047105,30.05330073349633,12.1788,1.2888,-24.1252208047105,86.638888030419,6,2019-02-27,0.4,上交所,可转债
127011.SZ,中鼎转2,2019-08-29,109.165,109.17,109.545,108.22,108.5,-0.665,-0.6091696056428343,175,0.239726027397,2.49041095890411,0.4608294930875576,1.1952,92.28696377,16.21303623,17.5680676529857,11.79,8.481764206955047,78.45631891433418,30.04368108566582,38.29351351351352,12.378,1.3026,-30.04368108566582,85.01343603617201,6,2019-03-07,0.5,深交所,可转债
113020.SH,桐昆转债,2019-08-29,117.55,116.9,117.27,116.5,116.81,-0.74,-0.6295193534666099,284,0.233424657534,1.246575342465754,0.2568273264275319,-0.6277,95.99210997,20.81789003,21.68708452862024,12.51,7.993605115907275,97.68185451638689,19.12814548361311,19.58208674304419,8.0196,1.3494,-19.12814548361311,101.7602952439685,6,2018-11-19,0.3,上交所,可转债
128026.SZ,众兴转债,2019-08-29,93.97,94.15,94.15,93.206,93.367,-0.603,-0.6416941577099075,260,0.427397260274,4.29041095890411,0.6426253387171056,4.1891,84.85096417,8.51603583,10.03646324270165,11.54,8.665511265164644,65.94454072790295,27.42245927209705,41.584123521682,28.2148,1.1483,-27.42245927209705,77.71808060516815,6,2017-12-13,0.4,深交所,可转债
123017.SZ,寒锐转债,2019-08-29,114.87,115.0,115.799,114.111,114.111,-0.759,-0.6607469313136589,283,0.232602739726,1.49041095890411,0.2629019112968951,-0.5203,91.76464624,22.34635376,24.35181159153129,57.49,1.739432944859976,94.62515220038267,19.48584779961733,20.59267261029412,-95.5394,9.6069,-19.48584779961733,103.1172200597835,6,2018-11-20,0.3,深交所,可转债
123019.SZ,中来转债,2019-08-29,108.74,108.788,108.788,107.939,107.991,-0.749,-0.6887989700202317,186,0.254794520548,0.5737704918032787,0.4630015464251651,2.7485,96.77540961,11.21559039,11.58929777223187,13.29,7.524454477050414,93.75470278404816,14.23629721595184,15.18462199036918,19.8108,1.767,-14.23629721595184,96.87864216940528,6,2019-02-22,0.5,深交所,可转债
128038.SZ,利欧转债,2019-08-29,112.3,112.36,112.949,111.445,111.445,-0.855,-0.761353517364203,161,0.220547945205,0.587431693989071,0.4486518013369824,0.4683,97.92210997,13.52289003,13.80984338893734,1.72,58.13953488372093,102.3255813953488,9.119418604651162,8.91215909090909,25.8654,1.4612,-9.119418604651162,104.4969123180637,6,2018-03-22,0.3,深交所,可转债
128044.SZ,岭南转债,2019-08-29,102.199,102.099,102.099,101.291,101.4,-0.799,-0.7818080411745711,16,0.021917808219,4.959016393442623,0.4930966469428008,2.0255,68.116659,33.283341,48.86226290106213,5.92,16.89189189189189,83.44594594594595,17.95405405405406,21.51578947368421,18.1604,1.6778,-17.95405405405406,122.5044609806038,6,2018-08-14,0.3,深交所,可转债
113505.SH,杭电转债,2019-08-29,102.19,102.2,102.24,101.33,101.33,-0.86,-0.841569625207946,177,0.242465753425,4.51912568306011,0.4934372841211882,2.4504,92.61925925,8.71074075,9.40489140221665,7.24,13.8121546961326,80.38674033149171,20.94325966850829,26.05312714776632,33.0723,1.6561,-20.94325966850829,86.79268327390743,6,2018-03-06,0.3,上交所,可转债
127008.SZ,特发转债,2019-08-29,229.3,228.0,239.5,226.41,227.31,-1.99,-0.8678587003924989,287,0.314520547945,1.516393442622951,0.1759711407329198,-15.7172,94.76878577,132.54121423,139.857457445611,5.61,17.825311942959,229.2335115864528,-1.923511586452763,-0.8391057542768273,76.6806,4.0463,1.923511586452763,241.8871464099933,5,2018-11-16,0.4,深交所,可转债
113510.SH,再升转债,2019-08-29,108.23,108.23,108.25,106.66,107.23,-1.0,-0.9239582370876837,72,0.118356164384,0.5710382513661202,0.4280671392731698,1.0989,96.83341714,10.39658286,10.73656508988917,8.59,11.64144353899884,82.77066356228173,24.45933643771828,29.55073136427567,25.4126,3.7778,-24.45933643771828,85.47737548352073,6,2018-06-19,0.4,上交所,可转债
128019.SZ,久立转2,2019-08-29,111.656,110.782,111.4,110.057,110.6,-1.056,-0.9457619832342193,295,0.404109589041,1.358904109589041,0.4520795660036167,-0.066,95.81666912,14.78333088,15.42876726541755,7.92,12.62626262626263,93.05555555555556,17.54444444444444,18.85373134328358,14.7008,2.1179,-17.54444444444444,97.11833693468675,6,2017-11-08,0.3,深交所,可转债
127010.SZ,平银转债,2019-08-29,122.63,122.5,122.595,121.41,121.42,-1.21,-0.9867079833645926,221,0.121095890411,0.05753424657534247,0.1087586843358178,-0.5419,99.91701984,21.50298016,21.52083818596005,11.63,8.598452278589853,121.4961306964746,-0.0761306964746346,-0.06266100495399861,7.8757,1.0416,0.0761306964746346,121.5970321082733,6,2019-01-18,0.2,深交所,可转债
128048.SZ,张行转债,2019-08-29,108.102,108.353,108.353,106.998,107.02,-1.082,-1.000906551220144,291,0.318904109589,5.205479452054795,0.3737619136609979,1.2996,93.5038082,13.5161918,14.45523135388191,5.91,16.92047377326565,90.86294416243655,16.15705583756345,17.78178770949721,10.248,1.0119,-16.15705583756345,97.17566151753437,6,2018-11-09,0.4,深交所,可转债
128016.SZ,雨虹转债,2019-08-29,116.61,116.09,116.739,114.831,115.4,-1.21,-1.03764685704485,339,0.464383561644,0.6256830601092896,0.4332755632582322,-1.1257,98.66255098,16.73744902,16.96433839764884,22.33,4.478280340349306,91.26735333631885,24.13264666368115,26.44170755642787,16.5996,3.8042,-24.13264666368115,92.50455459520782,6,2017-09-25,0.3,深交所,可转债
113025.SH,明泰转债,2019-08-29,108.57,107.92,108.36,107.13,107.38,-1.19,-1.096067053513862,142,0.155616438356,4.153424657534247,0.3725088470851183,1.3329,85.89529093,21.48470907,25.01267396312666,11.3,8.849557522123893,96.99115044247787,10.38884955752212,10.71113138686131,10.4841,1.0732,-10.38884955752212,112.9178903666796,6,2019-04-09,0.4,上交所,可转债
128030.SZ,天康转债,2019-08-29,131.55,131.5,133.25,130.0,130.1,-1.45,-1.102242493348537,251,0.343835616438,4.315068493150685,0.3843197540353574,-3.3157,93.55079221,36.54920779,39.06883835676713,8.05,12.42236024844721,123.3540372670807,6.745962732919255,5.468781470292044,62.3793,2.8486,-6.745962732919255,131.8578222086878,6,2017-12-22,0.3,深交所,可转债
113518.SH,顾家转债,2019-08-29,115.0,114.53,114.53,113.5,113.53,-1.47,-1.278260869565217,352,0.385753424658,0.9972677595628415,0.3523297806747116,0.3142,96.57386294,16.95613706,17.55768749825676,36.57,2.734481815695926,91.63248564397047,21.89751435602953,23.89710832587288,18.0571,4.2788,-21.89751435602953,94.88331817160557,6,2018-09-12,0.4,上交所,可转债
113507.SH,天马转债,2019-08-29,119.67,119.95,120.04,117.95,117.95,-1.72,-1.437285869474388,135,0.221917808219,0.2246575342465753,0.300210564354167,-0.9582,98.91903103,19.03096897,19.238935897207,7.32,13.66120218579235,114.4808743169399,3.469125683060109,3.030310262529833,26.5985,2.4363,-3.469125683060109,115.7319002470013,6,2018-04-17,0.4,上交所,可转债
123018.SZ,溢利转债,2019-08-29,119.0,118.972,119.4,117.011,117.2,-1.8,-1.512605042016807,253,0.277260273973,5.30958904109589,0.3412969283276451,-0.3136,82.07329304,35.12670696,42.79919284203733,8.35,11.97604790419162,115.9281437125749,1.27185628742515,1.097107438016529,-54.3626,1.955,-1.27185628742515,141.2495337016331,6,2018-12-20,0.4,深交所,可转债
123001.SZ,蓝标转债,2019-08-29,143.81,143.893,146.0,141.316,141.49,-2.32,-1.613239691259301,255,1.047945205479,0.1315068493150685,0.8771615594112658,-10.0565,100.73852864,40.75147136,40.45271646326082,4.28,23.36448598130841,140.1869158878505,1.303084112149533,0.9295333333333333,15.6949,1.7292,-1.303084112149533,139.1591854481254,6,2015-12-18,0.5,深交所,可转债
123025.SZ,精测转债,2019-08-29,118.06,117.3,117.3,114.281,115.985,-2.075,-1.757580891072336,154,0.21095890411,5.581967213114754,0.4310902271845497,0.2845,81.56933661,34.41566339,42.19191281957883,50.25,1.990049751243781,92.95522388059702,23.02977611940299,24.77512845215157,36.416,9.2737,-23.02977611940299,113.958538519242,6,2019-03-29,0.5,深交所,可转债
128041.SZ,盛路转债,2019-08-29,139.16,139.653,139.99,136.322,136.667,-2.493,-1.791463064098879,44,0.084383561644,4.882513661202186,0.5121938726978714,-3.5363,77.25994957,59.40705043,76.89242713804168,6.85,14.5985401459854,136.3503649635036,0.3166350364963504,0.2322216274089936,43.0389,2.3072,-0.3166350364963504,176.4825963806329,6,2018-07-17,0.5,深交所,可转债
110046.SH,圆通转债,2019-08-29,122.02,121.0,121.14,119.3,119.75,-2.27,-1.860350762170136,283,0.387671232877,0.5655737704918032,0.4175365344467641,-0.6876,98.55115886,21.19884114,21.51049402687866,10.73,9.319664492078285,105.8713886300093,13.87861136999068,13.10893485915493,18.6751,2.8341,-13.87861136999068,107.4278474801177,6,2018-11-20,0.5,上交所,可转债
113526.SH,联泰转债,2019-08-29,134.72,137.0,138.89,131.5,131.98,-2.74,-2.033847980997625,219,0.18,5.402739726027397,0.2273071677526898,-3.194,89.65949773,42.32050227,47.20135996907285,8.72,11.46788990825688,132.3394495412844,-0.3594495412844037,-0.2716117850953206,22.0744,3.0556,0.3594495412844037,147.6022651161961,6,2019-01-23,0.3,上交所,可转债
127009.SZ,冰轮转债,2019-08-29,133.8,133.9,133.9,130.312,130.99,-2.81,-2.100149476831091,228,0.249863013699,0.1287671232876712,0.2292342717785633,-2.3892,99.70077038,31.28922962,31.38313726237428,5.47,18.28153564899452,131.0786106032907,-0.0886106032906764,-0.06760111576011156,10.8723,1.5495,0.0886106032906764,131.4720138106225,6,2019-01-11,0.4,深交所,可转债
