代码,名称,交易日期,前收盘价,开盘价,最高价,最低价,收盘价,涨跌,涨跌幅(%),已计息天数,应计利息,剩余期限(年),当期收益率(%),纯债到期收益率(%),纯债价值,纯债溢价,纯债溢价率(%),转股价格,转股比例,转换价值,转股溢价,转股溢价率(%),转股市盈率,转股市净率,套利空间,平价/底价,期限(年),发行日期,票面利率/发行参考利率(%),交易市场,债券类型
128090.SZ,汽模转2,2020-12-17,123.0,122.501,141.7,121.86,141.3,18.3,14.87804878048781,357,0.292602739726,5.027322404371585,0.2123142250530786,-4.0566,83.04757368,58.25242632,70.14344157056173,4.21,23.75296912114014,129.6912114014252,11.60878859857482,8.9510989010989,-29.4968,1.8839,-11.60878859857482,156.1649614245843,6,2019-12-27,0.3,深交所,可转债
110066.SH,盛屯转债,2020-12-17,143.25,140.0,160.18,139.2,159.62,16.37,11.42757417102967,291,0.318904109589,1.249315068493151,0.2505951635133442,-6.1683,95.41839385,64.20160615,67.28430815019425,4.88,20.49180327868853,159.2213114754098,0.3986885245901639,0.2503989703989704,49.9808,1.9463,-0.3986885245901639,166.8664762118188,6,2020-03-02,0.4,上交所,可转债
128110.SZ,永兴转债,2020-12-17,203.0,204.0,222.04,202.0,222.04,19.04,9.379310344827585,192,0.157808219178,0.185792349726776,0.09587313651989281,-11.7511,99.35214521,122.68785479,123.4878769156675,17.06,5.861664712778429,222.9777256740914,-0.937725674091442,-0.420546792849632,57.5555,4.0427,0.937725674091442,224.4317173049307,6,2020-06-09,0.3,深交所,可转债
110077.SH,洪城转债,2020-12-17,100.0,106.0,109.93,104.88,108.8,8.8,8.8,28,0.015342465753,5.926027397260274,0.1838235294117647,0.7244,88.38127196,20.41872804,23.10300314442318,7.13,14.02524544179523,93.96914446002805,14.83085553997195,15.78268656716418,9.1449,1.2591,-14.83085553997195,106.3224621869631,6,2020-11-20,0.2,上交所,可转债
128111.SZ,中矿转债,2020-12-17,135.1,135.19,147.999,133.503,146.222,11.122,8.23242042931162,190,0.260273972603,2.895890410958904,0.3419458084282803,-2.9231,85.10387159,61.11812841,71.81592008462937,15.48,6.459948320413437,150.3875968992248,-4.165596899224807,-2.769907216494846,48.7101,2.4267,4.165596899224807,176.7106408786411,6,2020-06-11,0.5,深交所,可转债
123042.SZ,银河转债,2020-12-17,166.0,166.3,182.435,163.0,177.0,11.0,6.626506024096385,339,0.46301369863,1.191256830601093,0.2824858757062147,-8.1674,91.50149511,85.49850489,93.43946215000814,24.4,4.098360655737705,114.4672131147541,62.53278688524591,54.62943071965628,651.5145,4.2685,-62.53278688524591,125.0987352470531,6,2020-01-14,0.5,深交所,可转债
128017.SZ,金禾转债,2020-12-17,141.5,142.0,150.0,141.8,150.0,8.5,6.007067137809187,47,0.167397260274,2.873972602739726,0.8666666666666667,-10.6932,96.41073494,53.58926506,55.58433414427408,22.42,4.460303300624442,145.3612845673506,4.63871543264942,3.191162933415158,25.7142,3.9662,-4.63871543264942,150.7729244651172,6,2017-11-01,0.3,深交所,可转债
113545.SH,金能转债,2020-12-17,130.8,130.21,139.07,129.32,136.8,6.0,4.587155963302752,65,0.106849315068,4.824657534246575,0.4385964912280702,-3.6138,92.57265761,44.22734239,47.77581580981037,10.78,9.276437847866418,133.3024118738404,3.497588126159555,2.623799582463466,13.5823,1.9033,-3.497588126159555,143.9976071935097,6,2019-10-11,0.4,上交所,可转债
128115.SZ,巨星转债,2020-12-17,201.4,203.4,209.0,202.987,209.0,7.6,3.773584905660377,177,0.19397260274,0.1885245901639344,0.1284656223372871,-10.381,99.39465781,109.60534219,110.272870398647,12.28,8.143322475570033,223.9413680781759,-14.9413680781759,-6.672,20.2539,3.4862,14.9413680781759,225.3052357263062,6,2020-06-24,0.4,深交所,可转债
113032.SH,桐20转债,2020-12-17,128.88,130.0,134.5,129.0,133.39,4.51,3.499379267535692,291,0.239178082192,0.07650273224043716,0.1959441210088462,-3.1776,99.93804403,33.45195597,33.47269430244021,14.35,6.968641114982578,133.7979094076655,-0.4079094076655052,-0.3048697916666667,17.0541,2.0779,0.4079094076655052,133.8808565910108,6,2020-03-02,0.3,上交所,可转债
113562.SH,璞泰转债,2020-12-17,121.2,120.18,126.0,120.18,125.07,3.87,3.193069306930693,351,0.287671232877,0.01092896174863388,null,-2.4463,100.24095867,24.82904133,24.76935741580333,83.54,1.19703136222169,125.0897773521666,-0.0197773521666268,-0.0158105263157895,92.4681,14.0538,0.0197773521666268,124.7890872272786,5,2020-01-02,0.3,上交所,可转债
123055.SZ,晨光转债,2020-12-17,136.9,137.0,141.59,137.0,140.6,3.7,2.702702702702703,184,0.252054794521,0.1912568306010929,0.2464973986242888,-2.261,99.06502772,41.53497228,41.92697790121812,12.25,8.16326530612245,144.3265306122449,-3.726530612244898,-2.582013574660634,33.0054,4.7068,3.726530612244898,145.6886793795417,6,2020-06-17,0.5,深交所,可转债
128035.SZ,大族转债,2020-12-17,106.147,106.5,109.48,106.059,109.0,2.853,2.687782038116951,316,0.517808219178,3.139344262295082,0.5504587155963303,-0.2975,95.51950643,13.48049357,14.11281744831771,52.1,1.919385796545106,76.3915547024952,32.6084452975048,42.68592964824121,31.2194,4.627,-32.6084452975048,79.97482143448634,6,2018-02-06,0.2,深交所,可转债
123025.SZ,精测转债,2020-12-17,115.998,116.52,126.07,116.27,119.1,3.102,2.674184037655822,264,0.578630136986,4.279452054794521,0.6717044500419815,-0.3633,88.99468511,30.10531489,33.82821665449905,49.95,2.002002002002002,100.6806806806807,18.41931931931932,18.29479021674289,61.3766,7.989,-18.41931931931932,113.131116264119,6,2019-03-29,0.5,深交所,可转债
123017.SZ,寒锐转债,2020-12-17,136.48,136.0,144.892,135.049,140.1,3.62,2.652403282532239,28,0.076712328767,0.1885245901639344,0.1877328327124483,-6.0081,99.03354066,41.06645934,41.46722319157361,57.4,1.742160278745645,131.7770034843206,8.322996515679442,6.315970386039132,106.0202,6.2428,-8.322996515679442,133.063003307874,6,2018-11-20,0.3,深交所,可转债
128046.SZ,利尔转债,2020-12-17,127.0,127.997,130.3,125.521,130.3,3.3,2.598425196850394,62,0.169863013699,1.882191780821918,0.7674597083653109,-3.8705,94.40891989,35.89108011,38.01661977683706,18.62,5.370569280343717,114.8227712137487,15.47722878625134,13.47923292797007,20.1767,3.1364,-15.47722878625134,121.6227993578718,6,2018-10-16,0.4,深交所,可转债
123068.SZ,弘信转债,2020-12-17,106.8,106.9,109.45,105.31,109.44,2.64,2.47191011235955,64,0.070136986301,0.8191780821917808,0.3624929904670322,-10.0873,95.01086333,14.42913667,15.1868282891857,18.45,5.420054200542006,88.18428184281842,21.25571815718157,24.10374923171481,61.1868,3.8027,-21.25571815718157,92.81494636726866,6,2020-10-15,0.4,深交所,可转债
123065.SZ,宝莱转债,2020-12-17,122.733,122.999,131.5,122.999,125.69,2.957,2.409294973641971,105,0.115068493151,5.715068493150685,0.3182432970005569,-0.618,83.3662934,42.3237066,50.76836797448404,40.54,2.46669955599408,72.74296990626542,52.94703009373458,72.78645642590709,10.2616,5.1707,-52.94703009373458,87.257051908542,6,2020-09-04,0.4,深交所,可转债
128130.SZ,景兴转债,2020-12-17,110.0,109.67,112.904,109.67,112.6,2.6,2.363636363636364,109,0.089589041096,5.704109589041096,0.2664298401420959,0.3925,88.70815084,23.89184916,26.93309344604979,3.4,29.41176470588235,104.1176470588235,8.48235294117647,8.146892655367232,14.5012,0.8716,-8.48235294117647,117.3710037611055,6,2020-08-31,0.3,深交所,可转债
113041.SH,紫金转债,2020-12-17,142.61,142.6,147.08,142.0,145.9,3.29,2.306991094593647,45,0.024657534247,0.5287671232876713,0.08900823420056889,-59.3283,98.10071723,47.79928277,48.7247026522071,7.01,14.26533523537803,125.962910128388,19.93708987161199,15.8277463193658,36.7559,4.6743,-19.93708987161199,128.4016199729348,5,2020-11-03,0.2,上交所,可转债
128123.SZ,国光转债,2020-12-17,108.616,109.0,111.098,107.045,111.098,2.482,2.285114531928997,144,0.197260273973,5.608219178082192,0.4500531062665394,0.8215,80.44061062,30.65738938,38.11183075775612,13.7,7.299270072992701,85.62043795620438,25.47756204379562,29.75640238704177,19.2102,4.1111,-25.47756204379562,106.4393187673249,6,2020-07-27,0.5,深交所,可转债
113508.SH,新凤转债,2020-12-17,105.5,105.99,109.98,105.5,107.8,2.3,2.180094786729858,236,0.646575342466,0.7068493150684931,0.9276437847866419,1.2524,98.45979963,9.34020037,9.486308529063985,15.78,6.337135614702155,84.79087452471482,23.00912547528517,27.13632286995516,53.9473,1.6554,-23.00912547528517,86.11725277052021,6,2018-04-26,0.3,上交所,可转债
110065.SH,淮矿转债,2020-12-17,120.32,119.86,123.0,118.82,122.89,2.57,2.135970744680851,361,0.197260273973,0.5397260273972603,0.1627471722678819,-2.0463,98.38779558,24.50220442,24.90370302084575,9.33,10.71811361200429,115.7556270096463,7.134372990353698,6.163305555555556,6.3437,1.1357,-7.134372990353698,117.652424599273,6,2019-12-20,0.2,上交所,可转债
127020.SZ,中金转债,2020-12-17,112.7,112.04,115.427,112.04,115.1,2.4,2.129547471162378,151,0.082739726027,5.589041095890411,0.1737619461337967,-0.2215,89.96860107,25.13139893,27.93352195222701,4.71,21.23142250530785,101.9108280254777,13.18917197452229,12.941875,20.5378,1.5219,-13.18917197452229,113.2737719753874,6,2020-07-20,0.2,深交所,可转债
128065.SZ,雅化转债,2020-12-17,192.0,190.839,197.499,186.288,196.0,4.0,2.083333333333334,246,0.404383561644,0.2054794520547945,0.2683813251327908,-12.5396,99.59543931,96.40456069,96.79615990239463,8.95,11.1731843575419,195.5307262569832,0.4692737430167598,0.24,64.7903,5.7772,-0.4692737430167598,196.3249799505134,6,2019-04-16,0.4,深交所,可转债
128128.SZ,齐翔转2,2020-12-17,104.583,104.6,106.699,104.011,106.699,2.116,2.023273380951015,120,0.098630136986,5.673972602739726,0.2811647719285092,1.4017,89.00550104,17.69349896,19.87910719366476,8.22,12.1654501216545,106.0827250608272,0.6162749391727494,0.5809380733944954,14.7533,1.888,-0.6162749391727494,119.1867062386993,6,2020-08-20,0.3,深交所,可转债
123076.SZ,强力转债,2020-12-17,101.611,101.611,103.683,101.361,103.65,2.039,2.006672505929476,29,0.031780821918,5.923287671232877,0.3859141341051616,2.3292,80.09879094,23.55120906,29.40270231749393,18.98,5.268703898840885,82.45521601685985,21.19478398314015,25.70460063897763,70.1161,4.6616,-21.19478398314015,102.941898434678,6,2020-11-19,0.4,深交所,可转债
113557.SH,森特转债,2020-12-17,101.79,101.79,103.93,101.38,103.81,2.02,1.984477846546812,365,0.398904109589,0.3671232876712329,0.3853193333975532,3.1301,98.2689878,5.5410122,5.638617354314501,10.11,9.891196834817013,90.20771513353115,13.60228486646884,15.07884868421053,23.5032,2.1118,-13.60228486646884,91.79672768902903,6,2019-12-19,0.4,上交所,可转债
123010.SZ,博世转债,2020-12-17,106.86,106.86,108.962,106.702,108.91,2.05,1.918397903799364,166,0.454794520548,3.547945205479452,0.918189330639978,0.8852,78.12433077,30.78566923,39.40599417182054,12.2,8.19672131147541,99.18032786885246,9.729672131147542,9.8100826446281,20.3645,2.0723,-9.729672131147542,126.951907160449,6,2018-07-05,0.4,深交所,可转债
128010.SZ,蔚蓝转债,2020-12-17,114.9,115.2,117.891,114.017,117.094,2.194,1.909486510008703,331,1.446575342466,0.2027397260273973,1.366423557142125,-12.144,100.98799922,16.10600078,15.94843041192791,9.25,10.81081081081081,108.1081081081081,8.985891891891892,8.31195,41.8686,4.3138,-8.985891891891892,107.0504504922383,6,2016-01-22,0.5,深交所,可转债
123028.SZ,清水转债,2020-12-17,102.551,102.549,104.54,100.812,104.5,1.949,1.900517791147819,182,0.398904109589,0.9534246575342465,0.7655502392344498,-1.9447,93.46862297,11.03137703,11.80222483168567,11.84,8.445945945945946,89.10472972972973,15.39527027027027,17.27772511848341,23.9102,1.4955,-15.39527027027027,95.33116772066823,6,2019-06-18,0.6,深交所,可转债
123070.SZ,鹏辉转债,2020-12-17,127.7,127.0,131.0,126.678,130.08,2.38,1.863743148003132,59,0.048493150685,1.613698630136986,0.2306273062730627,-2.1069,93.40472198,36.67527802,39.26490785749888,20.16,4.960317460317461,126.984126984127,3.095873015873016,2.438,57.2369,4.3463,-3.095873015873016,135.9504362223968,6,2020-10-20,0.3,深交所,可转债
128023.SZ,亚太转债,2020-12-17,94.84,94.82,97.8,94.56,96.5,1.66,1.750316322226909,14,0.057534246575,2.964383561643836,1.55440414507772,5.0087,98.21953481,-1.71953481,-1.75070551222457,10.34,9.671179883945841,60.63829787234042,35.86170212765958,59.14035087719298,-96.9519,1.905,-35.86170212765958,61.73751279686032,6,2017-12-04,0.3,深交所,可转债
123078.SZ,飞凯转债,2020-12-17,104.25,103.88,106.027,102.3,106.027,1.777,1.704556354916067,21,0.017260273973,5.945205479452055,0.2829467965706848,1.4306,87.71398766,18.31301234,20.87809804176904,19.34,5.170630816959669,92.0889348500517,13.93806514994829,15.13543964065132,40.5903,3.5498,-13.93806514994829,104.9877417579167,6,2020-11-27,0.3,深交所,可转债
113535.SH,大业转债,2020-12-17,95.38,95.42,97.18,95.04,97.0,1.62,1.69846928077165,223,0.366575342466,3.081967213114754,0.6185567010309279,4.7011,86.06405289,10.93594711,12.70675356641341,12.4,8.064516129032258,68.30645161290323,28.69354838709678,42.00708382526565,23.7211,1.4989,-28.69354838709678,79.36699390651161,5,2019-05-09,0.4,上交所,可转债
127003.SZ,海印转债,2020-12-17,107.193,107.3,110.0,106.2,108.997,1.804,1.682945714738836,193,0.951780821918,1.473972602739726,1.651421598759599,1.7571,102.52706642,6.46993358,6.310463964214144,3.0,33.33333333333334,98.33333333333333,10.66366666666667,10.84440677966102,36.3651,1.7407,-10.66366666666667,95.9096331992109,6,2016-06-08,0.5,深交所,可转债
123077.SZ,汉得转债,2020-12-17,102.9,102.9,105.302,99.798,104.6,1.7,1.652089407191448,25,0.027397260274,2.361643835616438,0.3824091778202677,3.1734,90.87542302,13.72457698,15.10262788760771,9.72,10.2880658436214,88.58024691358025,16.01975308641976,18.08501742160279,139.529,2.3932,-16.01975308641976,97.47437092434262,6,2020-11-23,0.4,深交所,可转债
123044.SZ,红相转债,2020-12-17,136.044,137.49,145.0,136.28,138.28,2.236,1.643585898679839,281,0.384931506849,5.232876712328767,0.3615851894706393,-1.8818,80.6251574,57.6548426,71.50974268981706,18.8,5.319148936170213,134.468085106383,3.811914893617022,2.834810126582279,30.3117,4.0045,-3.811914893617022,166.7817954627435,6,2020-03-12,0.5,深交所,可转债
128048.SZ,张行转债,2020-12-17,120.02,120.023,122.0,119.8,121.99,1.97,1.641393101149808,36,0.098630136986,3.904109589041096,0.8197393228953193,-1.9077,96.61704075,25.37295925,26.26137071994725,5.76,17.36111111111111,105.9027777777778,16.08722222222222,15.19055737704918,10.7719,1.0503,-16.08722222222222,109.6108688029526,6,2018-11-09,0.4,深交所,可转债
113034.SH,滨化转债,2020-12-17,114.22,114.16,116.8,113.8,116.08,1.86,1.628436350901769,252,0.207123287671,1.068306010928962,0.2584424534803584,-0.1625,95.8478785,20.2321215,21.108575188756,4.68,21.36752136752137,108.1196581196581,7.96034188034188,7.362529644268775,26.172,1.3294,-7.96034188034188,112.8033920121228,6,2020-04-10,0.3,上交所,可转债
123053.SZ,宝通转债,2020-12-17,106.802,107.9,109.7,106.902,108.515,1.713,1.603902548641411,196,0.268493150685,1.038251366120219,0.4607657927475464,2.1056,94.18921139,14.32578861,15.20958547012632,20.8,4.807692307692308,85.14423076923077,23.37076923076923,27.44844720496894,16.6665,2.4449,-23.37076923076923,90.39700992577848,6,2020-06-05,0.5,深交所,可转债
128133.SZ,奇正转债,2020-12-17,106.6,106.6,109.8,106.6,108.28,1.68,1.575984990619137,87,0.095342465753,5.764383561643836,0.3694126339120798,1.4242,90.13005166,18.14994834,20.13751019301257,30.12,3.320053120849934,97.34395750332006,10.93604249667995,11.23443383356071,35.9213,6.4707,-10.93604249667995,108.0038851753167,6,2020-09-22,0.4,深交所,可转债
128082.SZ,华锋转债,2020-12-17,106.522,106.89,108.298,106.0,108.2,1.678,1.57526144833931,14,0.030684931507,4.964383561643835,0.7393715341959335,2.4019,72.45339602,35.74660398,49.33737539387736,11.71,8.539709649871904,97.86507258753203,10.33492741246798,10.56038394415358,-39.1149,1.6163,-10.33492741246798,135.0731338535428,6,2019-12-04,0.6,深交所,可转债
113534.SH,鼎胜转债,2020-12-17,106.13,106.13,108.19,105.11,107.8,1.67,1.573541882596815,253,0.415890410959,4.30958904109589,0.5565862708719852,1.5233,86.95698998,20.84301002,23.96933245365769,15.18,6.587615283267457,97.167325428195,10.63267457180501,10.94264406779661,-401.5597,1.7812,-10.63267457180501,111.7418225384105,6,2019-04-08,0.4,上交所,可转债
110070.SH,凌钢转债,2020-12-17,99.2,99.21,101.0,99.21,100.75,1.55,1.5625,249,0.272876712329,5.32054794520548,0.3970223325062035,3.0507,92.6736799,8.0763201,8.71479378903999,2.75,36.36363636363637,84.36363636363636,16.38636363636364,19.42349137931035,11.4584,0.799,-16.38636363636364,91.03300576244449,6,2020-04-13,0.4,上交所,可转债
110063.SH,鹰19转债,2020-12-17,106.61,107.5,108.36,104.98,108.26,1.65,1.547697214145015,5,0.006849315068,4.989041095890411,0.4618510992056161,1.4003,94.31291149,13.94708851,14.78810089695811,3.3,30.30303030303031,94.84848484848484,13.41151515151515,14.13993610223642,10.9728,0.9783,-13.41151515151515,100.5678685452751,6,2019-12-13,0.3,上交所,可转债
127015.SZ,希望转债,2020-12-17,117.501,118.5,119.6,117.05,119.288,1.787,1.520838120526634,350,0.191232876712,5.046448087431694,0.1676614579840386,-1.5829,90.9320104,28.3559896,31.18372669345492,19.75,5.063291139240507,115.6962025316456,3.591797468354431,3.104507658643326,15.1845,2.8423,-3.591797468354431,127.2337453254476,6,2020-01-03,0.2,深交所,可转债
128019.SZ,久立转2,2020-12-17,132.0,132.52,136.0,131.635,133.999,1.999,1.514393939393939,40,0.142465753425,0.05737704918032787,0.1594777797871551,-7.0308,99.96812978,34.03087022,34.04171939086165,7.62,13.12335958005249,134.5144356955381,-0.5154356955380577,-0.3831824390243902,13.0302,2.7145,0.5154356955380577,134.5573194092599,6,2017-11-08,0.3,深交所,可转债
123066.SZ,赛意转债,2020-12-17,117.4,117.4,119.6,116.351,119.16,1.76,1.499148211243612,93,0.101917808219,0.663013698630137,0.3071730423466516,-23.7884,94.70431355,24.45568645,25.82320227376803,22.58,4.428697962798937,110.0974313551816,9.062568644818423,8.231407884151247,36.9238,5.6982,-9.062568644818423,116.2538718968219,6,2020-09-16,0.4,深交所,可转债
123056.SZ,雪榕转债,2020-12-17,118.0,118.39,120.0,115.246,119.752,1.752,1.484745762711864,177,0.19397260274,5.517808219178082,0.3340236488743403,0.2072,84.32880842,35.42319158,42.00603832035031,11.89,8.410428931875526,111.8587047939445,7.893295206055509,7.056487218045112,20.3536,3.0683,-7.893295206055509,132.645897516815,6,2020-06-24,0.4,深交所,可转债
113589.SH,天创转债,2020-12-17,86.63,86.0,89.0,86.0,87.9,1.27,1.46600484820501,177,0.19397260274,5.517808219178082,0.4550625711035267,5.1493,71.96636036,15.93363964,22.14039943147682,12.44,8.038585209003216,56.9935691318328,30.9064308681672,54.22792665726375,34.8593,1.4253,-30.9064308681672,79.19473604991519,6,2020-06-24,0.4,上交所,可转债
123067.SZ,斯莱转债,2020-12-17,103.098,104.098,104.6,102.3,104.6,1.502,1.456866282566102,92,0.100821917808,5.750684931506849,0.3824091778202677,2.6492,82.97829762,21.62170238,26.0570570861996,9.38,10.66098081023454,85.07462686567165,19.52537313432836,22.95087719298246,58.6834,4.4155,-19.52537313432836,102.5263584645612,6,2020-09-17,0.4,深交所,可转债
128100.SZ,搜特转债,2020-12-17,91.599,91.599,92.899,90.531,92.899,1.3,1.419229467570607,281,0.307945205479,5.232876712328767,0.4305751407442491,4.6589,null,null,null,2.9,34.48275862068966,73.44827586206897,19.45072413793103,26.48220657276995,82.0191,1.1956,-19.45072413793103,null,6,2020-03-11,0.4,深交所,可转债
113039.SH,嘉泽转债,2020-12-17,99.45,99.45,101.65,98.01,100.86,1.41,1.417797888386124,116,0.095342465753,5.684931506849315,0.297441998810232,2.0731,87.25199883,13.60800117,15.59620564855316,3.57,28.01120448179272,85.15406162464986,15.70593837535014,18.44414473684211,24.5092,1.8396,-15.70593837535014,97.59554252798527,6,2020-08-24,0.3,上交所,可转债
123035.SZ,利德转债,2020-12-17,115.721,116.498,117.5,114.317,117.3,1.579,1.364488727197311,34,0.074520547945,4.909589041095891,0.6820119352088662,-0.3925,94.03324707,23.26675293,24.74311337210319,6.98,14.32664756446991,98.13753581661891,19.16246418338109,19.52613138686131,41.4057,2.0385,-19.16246418338109,104.3647208561921,6,2019-11-14,0.5,深交所,可转债
128096.SZ,奥瑞转债,2020-12-17,122.0,121.999,125.599,121.499,123.663,1.663,1.363114754098361,311,0.424657534247,1.202739726027397,0.4043246565262043,-1.2628,96.36712245,27.29587755,28.32488597359794,4.54,22.02643171806167,122.6872246696035,0.9757753303964758,0.7953357271095153,20.9061,2.3153,-0.9757753303964758,127.3123255633784,6,2020-02-11,0.5,深交所,可转债
128066.SZ,亚泰转债,2020-12-17,105.011,106.0,106.476,105.086,106.397,1.386,1.319861728771272,245,0.53698630137,4.331506849315068,0.751900899461451,2.3755,88.87215337,17.52484663,19.71916507642061,9.67,10.34126163391934,98.24198552223372,8.155014477766288,8.300946315789474,53.1106,1.7405,-8.155014477766288,110.5430461589295,6,2019-04-17,0.5,深交所,可转债
128117.SZ,道恩转债,2020-12-17,100.0,100.89,101.4,100.187,101.314,1.314,1.314,169,0.185205479452,5.53972602739726,0.3948121681110212,3.7113,85.81521542,15.49878458,18.06064869049769,29.07,3.439972480220158,79.87616099071208,21.43783900928793,26.83884496124031,9.088,5.4931,-21.43783900928793,93.07925243766995,6,2020-07-02,0.4,深交所,可转债
123050.SZ,聚飞转债,2020-12-17,119.0,119.989,120.851,118.046,120.522,1.522,1.278991596638655,248,0.271780821918,5.323287671232877,0.3318896135145451,0.5784,87.7131805,32.8088195,37.40466291722257,5.18,19.3050193050193,111.5830115830116,8.938988416988417,8.011065743944636,23.9857,3.1841,-8.938988416988417,127.2135053670886,6,2020-04-14,0.4,深交所,可转债
128069.SZ,华森转债,2020-12-17,102.5,102.68,103.88,102.4,103.8,1.3,1.268292682926829,177,0.339452054795,1.997260273972603,0.674373795761079,3.3312,89.81545525,13.98454475,15.57030993282195,18.04,5.543237250554324,83.14855875831486,20.65144124168515,24.8368,47.6797,5.6086,-20.65144124168515,92.57711662972933,6,2019-06-21,0.5,深交所,可转债
110073.SH,国投转债,2020-12-17,116.06,116.32,117.88,115.87,117.53,1.47,1.266586248492159,147,0.080547945205,5.6,0.1701693184718795,-1.1085,89.00939314,28.52060686,32.04224391816812,15.25,6.557377049180328,93.57377049180327,23.95622950819672,25.60143658023826,12.7364,1.4442,-23.95622950819672,105.1279726675859,6,2020-07-24,0.2,上交所,可转债
113030.SH,东风转债,2020-12-17,106.23,106.03,108.73,106.03,107.56,1.33,1.252000376541467,360,0.393424657534,5.01912568306011,0.3718854592785422,1.7803,93.6660736,13.8939264,14.83346730144136,6.75,14.81481481481482,90.66666666666667,16.89333333333333,18.63235294117647,17.0315,1.9606,-16.89333333333333,96.79776591667301,6,2019-12-23,0.4,上交所,可转债
128040.SZ,华通转债,2020-12-17,118.531,118.53,121.346,118.455,119.99,1.459,1.230901620673073,187,0.512328767123,2.202739726027397,0.8334027835652971,-1.9168,94.35071787,25.63928213,27.17444308725534,10.33,9.68054211035818,118.973862536302,1.016137463697967,0.8540846216436127,192.8321,9.443,-1.016137463697967,126.0974640386189,6,2018-06-14,0.4,深交所,可转债
113608.SH,威派转债,2020-12-17,101.58,101.63,102.94,100.0,102.81,1.23,1.210868281157708,39,0.053424657534,5.895890410958904,0.4863340142009532,2.9528,73.39187105,29.41812895,40.0836339626199,19.24,5.197505197505198,84.56340956340956,18.24659043659044,21.57740626920713,62.0553,6.075,-18.24659043659044,115.2217655083336,6,2020-11-09,0.5,上交所,可转债
113525.SH,台华转债,2020-12-17,101.98,101.92,103.27,101.32,103.21,1.23,1.206118846832712,1,0.002739726027,2.05464480874317,0.5813390175370604,2.6311,93.62045973,9.58954027,10.24299634679865,8.03,12.453300124533,79.20298879202988,24.00701120797011,30.31073899371069,39.9293,1.859,-24.00701120797011,84.6000853023475,6,2018-12-17,0.4,上交所,可转债
127007.SZ,湖广转债,2020-12-17,101.301,101.404,102.52,100.9,102.52,1.219,1.203344488208409,173,0.47397260274,3.528767123287671,0.9754194303550526,2.6705,97.53969098,4.98030902,5.105930693404787,5.58,17.92114695340502,84.40860215053763,18.11139784946237,21.4568152866242,-46.751,0.7124,-18.11139784946237,86.53769691339824,6,2018-06-28,0.5,深交所,可转债
110067.SH,华安转债,2020-12-17,114.83,114.83,116.69,113.56,116.2,1.37,1.1930680135853,281,0.15397260274,5.232876712328767,0.1721170395869191,-0.9689,90.44661938,25.75338062,28.47356904717515,8.67,11.53402537485582,91.46482122260669,24.73517877739331,27.04337957124842,21.4936,2.07,-24.73517877739331,101.1257489219457,6,2020-03-12,0.2,上交所,可转债
113567.SH,君禾转债,2020-12-17,113.22,113.22,114.57,113.0,114.57,1.35,1.192368839427663,289,0.395890410959,2.241095890410959,0.4364144191324081,0.7986,84.52715353,30.04284647,35.54224319092601,11.46,8.726003490401396,111.2565445026178,3.313455497382199,2.978211764705883,27.722,3.9459,-3.313455497382199,131.6222537449237,6,2020-03-04,0.5,上交所,可转债
128063.SZ,未来转债,2020-12-17,104.24,104.97,105.48,103.0,105.48,1.24,1.189562547966232,259,0.496712328767,4.293150684931507,0.6636329161926432,4.7973,97.36323787,8.11676213,8.33657785789494,8.63,11.58748551564311,87.48551564310544,17.99448435689455,20.5685298013245,110.9103,2.8613,-17.99448435689455,89.85477224978554,6,2019-04-03,0.5,深交所,可转债
113568.SH,新春转债,2020-12-17,103.75,103.75,105.25,102.73,104.98,1.23,1.185542168674699,287,0.393150684932,1.487671232876712,0.4762811964183654,3.4583,92.07414612,12.90585388,14.01680539418724,8.91,11.22334455667789,90.57239057239057,14.40760942760943,15.90728624535316,37.1502,1.3643,-14.40760942760943,98.36897151818036,6,2020-03-06,0.5,上交所,可转债
123052.SZ,飞鹿转债,2020-12-17,127.2,126.5,130.64,126.02,128.7,1.5,1.179245283018868,196,0.268493150685,5.465753424657534,0.3885003885003885,-0.2048,80.01703027,48.68296973,60.84076048027519,9.9,10.1010101010101,117.2727272727273,11.42727272727273,9.744186046511627,68.043,2.9929,-11.42727272727273,146.5597096980681,6,2020-06-05,0.5,深交所,可转债
128136.SZ,立讯转债,2020-12-17,121.025,120.5,122.4,120.451,122.4,1.375,1.136128898987812,45,0.012328767123,5.879452054794521,0.08169934640522876,-1.5298,87.29184073,35.10815927,40.21929080243832,58.6,1.706484641638225,89.40273037542661,32.99726962457338,36.90857033785073,58.7737,14.7046,-32.99726962457338,102.418198113104,6,2020-11-03,0.1,深交所,可转债
128021.SZ,兄弟转债,2020-12-17,116.001,115.91,120.118,115.407,117.31,1.309,1.128438547943552,20,0.071232876712,2.947945205479452,1.108174921149092,-2.5538,96.10708982,21.20291018,22.06175446547301,5.25,19.04761904761905,110.0952380952381,7.214761904761905,6.553200692041522,53.7617,2.1933,-7.214761904761905,114.5547516852676,6,2017-11-28,0.3,深交所,可转债
113543.SH,欧派转债,2020-12-17,177.32,177.31,180.5,177.31,179.29,1.97,1.110985788405143,124,0.203835616438,0.5671232876712329,0.3025633071697585,-9.2501,97.97687103,81.31312897,82.99216755462864,71.69,1.394894685451249,179.7879760078114,-0.4979760078114102,-0.2769795950034913,39.7518,7.1059,0.4979760078114102,183.5004262922025,6,2019-08-16,0.4,上交所,可转债
127024.SZ,盈峰转债,2020-12-17,119.688,118.3,121.5,118.103,120.995,1.307,1.092005881959762,44,0.024109589041,5.882191780821918,0.1652960866151494,-0.9029,89.65249482,31.34250518,34.95999218195544,8.31,12.03369434416366,104.9338146811071,16.0611853188929,15.30601490825688,23.0408,1.707,-16.0611853188929,117.0450581345095,6,2020-11-04,0.2,深交所,可转债
127022.SZ,恒逸转债,2020-12-17,127.57,126.0,129.09,126.0,128.958,1.388,1.088030101120953,63,0.034520547945,5.83013698630137,0.1550892538655997,-2.8939,85.22847542,43.72952458,51.30858479458179,11.5,8.695652173913043,111.6521739130435,17.30582608695652,15.49976635514019,11.5988,1.8842,-17.30582608695652,131.0033687248649,6,2020-10-16,0.2,深交所,可转债
123064.SZ,万孚转债,2020-12-17,111.508,111.308,112.81,110.5,112.711,1.203,1.078846360799225,108,0.088767123288,5.706849315068493,0.2661674548180745,0.3747,88.69685225,24.01414775,27.07440809997854,93.55,1.068947087119188,83.60235168359166,29.10864831640834,34.81797788006649,35.5172,9.8975,-29.10864831640834,94.25627805590098,6,2020-09-01,0.3,深交所,可转债
128104.SZ,裕同转债,2020-12-17,119.1,119.103,124.0,119.103,120.374,1.274,1.069689336691856,255,0.279452054795,0.05191256830601093,0.2485404507549637,-0.8248,100.07925357,20.29474643,20.27867485622775,23.24,4.302925989672978,120.6110154905336,-0.2370154905335628,-0.1965123082411702,28.0927,3.6656,0.2370154905335628,120.5155026522782,6,2020-04-07,0.4,深交所,可转债
128075.SZ,远东转债,2020-12-17,117.86,117.5,120.0,114.8,119.116,1.256,1.065671135245206,86,0.141369863014,2.898630136986301,0.5037106685919608,-0.7672,90.63678209,28.47921791,31.42125884579714,5.54,18.05054151624549,119.1335740072202,-0.0175740072202166,-0.01475151515151515,12.2623,1.3811,0.0175740072202166,131.4406483329512,6,2019-09-20,0.3,深交所,可转债
128049.SZ,华源转债,2020-12-17,103.498,103.498,104.6,102.603,104.6,1.102,1.064754874490328,21,0.057534246575,3.945205479452055,0.9560229445506692,2.362,88.92505032,15.67494968,17.62714738264767,7.42,13.47708894878706,88.94878706199461,15.65121293800539,17.59575757575758,27.0481,1.3905,-15.65121293800539,100.0266929756117,6,2018-11-26,0.5,深交所,可转债
113590.SH,海容转债,2020-12-17,146.53,146.69,149.0,146.2,148.08,1.55,1.057803862690234,172,0.188493150685,0.2219178082191781,0.1864967474079146,-4.4596,98.79577063,49.28422937,49.88495869380315,36.39,2.748007694421545,148.0351744984886,0.0448255015114042,0.03028030443660662,29.6732,5.249,-0.0448255015114042,149.8395868107503,6,2020-06-29,0.4,上交所,可转债
128071.SZ,合兴转债,2020-12-17,110.051,109.85,111.601,109.502,111.2,1.149,1.044061389719312,124,0.169863013699,4.663013698630137,0.4496402877697842,0.6986,93.19094779,18.00905221,19.324894356244,4.28,23.36448598130841,101.1682242990654,10.03177570093458,9.915935334872978,18.4693,1.6048,-10.03177570093458,108.560140977471,6,2019-08-15,0.3,深交所,可转债
123058.SZ,欣旺转债,2020-12-17,144.5,144.5,146.77,144.012,146.0,1.5,1.038062283737024,157,0.172054794521,0.5506849315068493,0.2679677237755685,-5.4771,97.85864067,48.14135933,49.19479669898832,21.24,4.708097928436912,135.1224105461394,10.87758945386064,8.050174216027875,71.7952,7.1393,-10.87758945386064,138.079181992524,6,2020-07-14,0.4,深交所,可转债
110076.SH,华海转债,2020-12-17,125.5,125.02,128.5,125.02,126.8,1.3,1.035856573705179,46,0.037808219178,5.876712328767123,0.2365930599369085,-1.6607,87.90327654,38.89672346,44.24945803049812,34.66,2.885170225043278,104.5008655510675,22.29913444893249,21.33870789618995,47.0111,8.5221,-22.29913444893249,118.8816499957369,6,2020-11-02,0.3,上交所,可转债
113594.SH,淳中转债,2020-12-17,106.56,106.56,109.35,106.19,107.66,1.1,1.032282282282282,150,0.205479452055,5.591780821917809,0.4644250417982538,2.2215,75.36021882,32.29978118,42.8605193638688,39.37,2.54000508001016,80.79756159512318,26.86243840487681,33.24659541024835,37.7476,4.7148,-26.86243840487681,107.2151366599803,6,2020-07-21,0.5,上交所,可转债
128057.SZ,博彦转债,2020-12-17,117.6,117.37,118.8,115.215,118.8,1.2,1.020408163265306,288,0.631232876712,0.9534246575342465,0.6734006734006734,-12.2029,95.38778292,23.41221708,24.54425122726188,8.72,11.46788990825688,118.1192660550459,0.6807339449541284,0.5763106796116505,18.2963,1.9278,-0.6807339449541284,123.8306022419143,6,2019-03-04,0.5,深交所,可转债
128129.SZ,青农转债,2020-12-17,109.401,109.399,111.501,108.822,110.51,1.109,1.013701885723165,115,0.06301369863,5.687671232876713,0.1809790969143064,0.271,90.06533213,20.44466787,22.69981954931364,5.74,17.42160278745645,96.51567944250871,13.99432055749129,14.49953068592058,9.3331,1.1936,-13.99432055749129,107.1618536899395,6,2020-08-25,0.2,深交所,可转债
123022.SZ,长信转债,2020-12-17,150.0,150.0,151.98,144.01,151.5,1.5,1.0,275,0.452054794521,4.249315068493151,0.3960396039603961,-6.4199,95.18978103,56.31021897,59.15573957697547,6.15,16.26016260162602,151.3821138211382,0.1178861788617886,0.07787325456498388,21.4506,3.303,-0.1178861788617886,159.0318962635586,6,2019-03-15,0.4,深交所,可转债
113563.SH,柳药转债,2020-12-17,111.05,111.03,112.41,110.74,112.16,1.11,0.9995497523638001,337,0.276164383562,5.081967213114754,0.2674750356633381,0.1856,90.08328782,22.07671218,24.50700092575729,24.47,4.086636697997548,94.15610952186351,18.00389047813649,19.12131944444445,10.2991,1.7392,-18.00389047813649,104.5211734611659,6,2020-01-16,0.3,上交所,可转债
113602.SH,景20转债,2020-12-17,114.75,113.91,117.9,113.91,115.87,1.12,0.9760348583877996,116,0.127123287671,5.684931506849315,0.345214464486062,-0.4013,87.44132994,28.42867006,32.511708227113,35.28,2.834467120181406,83.39002267573696,32.47997732426304,38.94947654656696,27.4419,4.1865,-32.47997732426304,95.36682794389914,6,2020-08-24,0.4,上交所,可转债
113570.SH,百达转债,2020-12-17,104.76,104.86,105.8,104.58,105.78,1.02,0.9736540664375716,282,0.30904109589,2.265753424657534,0.3781433163168841,1.6968,83.90889877,21.87110123,26.06529408752006,11.54,8.665511265164644,94.36741767764298,11.41258232235702,12.0937741046832,34.4485,2.5159,-11.41258232235702,112.4641355815079,6,2020-03-11,0.4,上交所,可转债
128108.SZ,蓝帆转债,2020-12-17,119.726,119.99,121.76,119.99,120.88,1.154,0.9638674974525165,204,0.223561643836,5.443835616438356,0.3309066843150232,-1.2058,88.56055569,32.31944431,36.49417515302405,17.79,5.621135469364812,121.5289488476672,-0.6489488476672288,-0.5339870490286772,8.2789,2.1786,0.6489488476672288,137.2269492900099,6,2020-05-28,0.4,深交所,可转债
113578.SH,全筑转债,2020-12-17,107.0,106.88,108.13,105.58,108.01,1.01,0.9439252336448598,242,0.265205479452,3.109289617486339,0.3703360799925933,1.7538,91.52075144,16.48924856,18.01695058285243,5.43,18.41620626151013,96.31675874769797,11.69324125230203,12.14040152963671,20.1637,1.267,-11.69324125230203,105.2403495734431,6,2020-04-20,0.4,上交所,可转债
127023.SZ,华菱转2,2020-12-17,106.82,106.82,108.001,105.5,107.82,1.0,0.9361542782250515,56,0.030684931507,0.5780821917808219,0.1351821783134205,-12.3125,97.89129407,9.92870593,10.14258318303586,5.18,19.3050193050193,94.98069498069498,12.83930501930502,13.51780487804878,4.6752,0.9557,-12.83930501930502,97.02670281667365,6,2020-10-23,0.2,深交所,可转债
110047.SH,山鹰转债,2020-12-17,107.2,107.34,108.39,105.8,108.2,1.0,0.9328358208955224,27,0.07397260274,3.928767123287671,0.9242144177449169,2.1597,100.09257409,8.10742591,8.099927475848574,3.34,29.94011976047904,93.7125748502994,14.4874251497006,15.4594249201278,10.9728,0.9783,-14.4874251497006,93.6259015239593,6,2018-11-21,0.4,上交所,可转债
113566.SH,翔港转债,2020-12-17,104.73,104.73,105.9,104.0,105.7,0.97,0.9261911582163659,294,0.401369863014,5.199453551912568,0.4730368968779565,3.28,80.13622613,25.56377387,31.90039649300366,10.77,9.285051067780874,81.8941504178273,23.8058495821727,29.06904761904762,185.2927,3.1187,-23.8058495821727,102.1936699202375,6,2020-02-28,0.5,上交所,可转债
110051.SH,中天转债,2020-12-17,115.3,115.3,116.66,114.99,116.36,1.06,0.9193408499566349,294,0.481643835616,1,0.5156411137848058,-0.5185,97.2649696,19.0950304,19.63197076864146,10.09,9.910802775024777,104.1625371655104,12.19746283448959,11.71002854424358,15.2664,1.4705,-12.19746283448959,107.0915228718793,6,2019-02-27,0.4,上交所,可转债
110034.SH,九州转债,2020-12-17,109.0,109.3,110.16,108.71,110.0,1.0,0.9174311926605505,338,1.477260273973,1.079234972677596,1.454545454545455,-0.3416,105.64299405,4.35700595,4.124273444898639,18.32,5.458515283842795,94.86899563318778,15.13100436681223,15.9493670886076,11.4068,1.7356,-15.13100436681223,89.8015022068449,6,2016-01-15,0.2,上交所,可转债
113029.SH,明阳转债,2020-12-17,144.69,143.21,146.9,139.13,145.98,1.29,0.8915612689197595,2,0.003287671233,0.252054794520548,0.1047244227488492,-5.0964,99.00289552,46.97710448,47.45023287779492,12.8,7.8125,143.515625,2.464375,1.717147523135547,27.6947,4.5484,-2.464375,144.9610380041943,6,2019-12-13,0.4,上交所,可转债
123023.SZ,迪森转债,2020-12-17,101.001,101.001,102.19,100.85,101.899,0.898,0.8891001079197236,273,0.448767123288,1.767123287671233,0.5888183397285548,2.9267,91.17009678,10.72890322,11.76800683440056,7.04,14.20454545454546,85.6534090909091,16.24559090909091,18.9666600331675,40.9042,1.6197,-16.24559090909091,93.94901630695526,6,2019-03-19,0.4,深交所,可转债
123004.SZ,铁汉转债,2020-12-17,95.65,95.65,96.6,95.01,96.5,0.85,0.8886565603763722,366,1,3.002732240437159,1.036269430051813,4.4976,96.83260252,-0.33260252,-0.3434819589107951,3.98,25.12562814070352,74.87437185929649,21.62562814070352,28.88255033557047,-20.9827,1.3575,-21.62562814070352,77.32351492239587,6,2017-12-18,0.3,深交所,可转债
113504.SH,艾华转债,2020-12-17,134.55,134.04,136.0,131.02,135.69,1.14,0.8472686733556298,291,0.797260273973,3.205479452054795,0.7369739848183359,-6.386,96.332044,39.357956,40.85655651612666,21.13,4.73260766682442,134.3114055844771,1.378594415522953,1.026416490486258,31.526,4.66,-1.378594415522953,139.4254704950276,6,2018-03-02,0.3,上交所,可转债
128053.SZ,尚荣转债,2020-12-17,143.0,144.026,146.5,142.0,144.2,1.2,0.8391608391608392,308,0.504657534247,4.16120218579235,0.4160887656033287,-5.4172,95.61486224,48.58513776,50.81337422005368,4.89,20.44989775051125,131.4928425357873,12.70715746421268,9.663763608087091,41.1961,1.7783,-12.70715746421268,137.5234345950644,6,2019-02-14,0.4,深交所,可转债
128033.SZ,迪龙转债,2020-12-17,97.879,97.879,98.797,97.771,98.7,0.821,0.8387907518466678,357,0.975342465753,3.027322404371585,1.013171225937184,3.666,96.73041719,1.96958281,2.036156637401142,8.83,11.32502831257078,67.83691959229898,30.86308040770102,45.49599332220367,44.3506,1.7907,-30.86308040770102,70.12987389380552,6,2017-12-27,0.3,深交所,可转债
113040.SH,星宇转债,2020-12-17,137.14,137.14,139.5,136.59,138.28,1.14,0.8312673180691265,57,0.031232876712,0.6273972602739726,0.1129334564374024,-43.9435,97.51414778,40.76585222,41.80506433996751,158.0,0.6329113924050633,122.4620253164557,15.8179746835443,12.91663651868314,56.6836,10.0511,-15.8179746835443,125.5838543477201,6,2020-10-22,0.2,上交所,可转债
127005.SZ,长证转债,2020-12-17,127.3,126.8,129.0,125.6,128.35,1.05,0.8248232521602514,281,0.769863013699,3.232876712328767,0.7791195948578107,-4.9494,97.31913058,31.03086942,31.88568294338743,7.28,13.73626373626374,113.4615384615385,14.88846153846154,13.12203389830509,17.7337,1.6306,-14.88846153846154,116.5870859977205,6,2018-03-12,0.2,深交所,可转债
128103.SZ,同德转债,2020-12-17,158.0,156.5,165.611,155.8,159.3,1.3,0.8227848101265823,267,0.365753424658,1.205479452054795,0.3138731952291274,-5.0721,91.02663749,68.27336251,75.00371802429852,5.18,19.3050193050193,149.2277992277992,10.07220077220077,6.749547218628719,24.0591,2.5223,-10.07220077220077,163.9386045037565,6,2020-03-26,0.5,深交所,可转债
110064.SH,建工转债,2020-12-17,101.67,101.68,102.74,100.5,102.5,0.83,0.8163666765024098,364,0.397808219178,5.008196721311475,0.3902439024390244,3.3171,97.89913623,4.60086377,4.699595877118803,4.57,21.88183807439825,83.36980306345733,19.13019693654267,22.94619422572179,32.096,1.0045,-19.13019693654267,85.15887501559965,6,2019-12-20,0.4,上交所,可转债
113519.SH,长久转债,2020-12-17,101.21,101.9,103.01,101.03,102.03,0.82,0.8101966208872641,41,0.112328767123,3.89041095890411,0.9801038910124473,4.1761,100.58622305,1.44377695,1.435362524033057,11.15,8.968609865470851,70.94170403587444,31.08829596412556,43.82231352718078,38.7159,2.0812,-31.08829596412556,70.52825117074961,6,2018-11-07,0.5,上交所,可转债
113580.SH,康隆转债,2020-12-17,170.23,170.5,171.88,168.61,171.6,1.37,0.8047935146566411,239,0.261917808219,0.9232876712328767,0.2331002331002331,-32.6464,94.8312215,76.7687785,80.95306301627676,15.51,6.447453255963894,172.2759509993553,-0.6759509993552547,-0.3923652694610779,41.0481,4.3573,0.6759509993552547,181.6658567446116,6,2020-04-23,0.4,上交所,可转债
113013.SH,国君转债,2020-12-17,118.96,119.05,120.4,118.06,119.91,0.95,0.7985877605917956,164,0.67397260274,2.553424657534247,1.250938203652739,-3.9752,99.05836877,20.85163123,21.04984312674746,19.01,5.260389268805891,94.79221462388217,25.11778537611783,26.49773029966704,13.4491,1.2939,-25.11778537611783,95.69329255156295,6,2017-07-07,0.2,上交所,可转债
110075.SH,南航转债,2020-12-17,123.91,123.45,125.0,122.51,124.89,0.98,0.7908966185134372,64,0.035068493151,5.827397260273973,0.1601409240131316,-2.1795,87.72527821,37.16472179,42.36489475819469,6.24,16.02564102564103,98.87820512820512,26.01179487179487,26.30690437601297,-9.5051,1.312,-26.01179487179487,112.7134699892394,6,2020-10-15,0.2,上交所,可转债
128095.SZ,恩捷转债,2020-12-17,191.995,192.5,193.893,188.221,193.499,1.504,0.7833537331701347,311,0.339726027397,5.153005464480875,0.2067194145706179,-9.7238,91.42147654,102.07752346,111.6559558249288,65.09,1.536334306345061,195.1144569058227,-1.615456905822707,-0.8279534645669291,130.1042,11.3285,1.615456905822707,213.4229989388254,6,2020-02-11,0.4,深交所,可转债
128120.SZ,联诚转债,2020-12-17,103.79,103.79,104.679,101.33,104.6,0.81,0.7804220059736006,154,0.21095890411,5.580821917808219,0.4780114722753346,2.2988,66.08003518,38.51996482,58.29289393547202,24.37,4.103405826836275,87.03323758719738,17.56676241280263,20.18396982555398,23.5806,2.3138,-17.56676241280263,131.7088245339481,6,2020-07-17,0.5,深交所,可转债
113564.SH,天目转债,2020-12-17,125.53,125.8,126.51,124.97,126.47,0.94,0.7488249820759978,294,0.401369863014,0.4191780821917808,0.3953506760496561,0.0358,97.88392452,28.58607548,29.20405533409032,23.1,4.329004329004329,123.2467532467532,3.223246753246753,2.615279241306638,89.6614,3.5627,-3.223246753246753,125.9111277476119,6,2020-02-28,0.5,上交所,可转债
113591.SH,胜达转债,2020-12-17,103.53,103.65,104.55,103.21,104.3,0.77,0.7437457741717377,170,0.232876712329,3.027322404371585,0.4793863854266539,2.9659,84.19352648,20.10647352,23.88125828744833,14.73,6.788866259334691,74.60964019008826,29.69035980991174,39.79426751592357,29.0323,2.9058,-29.69035980991174,88.61683707691188,6,2020-07-01,0.5,上交所,可转债
127017.SZ,万青转债,2020-12-17,118.0,118.0,119.361,117.54,118.866,0.866,0.7338983050847457,198,0.21698630137,5.46027397260274,0.3365133848198812,-0.0733,94.38610994,24.47989006,25.93590314884419,14.16,7.062146892655367,98.37570621468926,20.49029378531073,20.82861162957645,8.1405,2.0038,-20.49029378531073,104.226889186582,6,2020-06-03,0.4,深交所,可转债
123054.SZ,思特转债,2020-12-17,105.344,105.38,106.197,104.5,106.1,0.756,0.7176488456865128,191,0.261643835616,5.47945205479452,0.471253534401508,2.5964,85.04964557,21.05035443,24.75066684748796,16.49,6.064281382656155,91.75257731958763,14.34742268041237,15.63707865168539,-79.7976,3.1461,-14.34742268041237,107.8811989217178,6,2020-06-10,0.5,深交所,可转债
128127.SZ,文科转债,2020-12-17,100.4,100.4,101.361,99.87,101.078,0.678,0.6752988047808764,120,0.164383561644,5.673972602739726,0.4946674845169077,3.3399,60.11625981,40.96174019,68.137539360335,5.37,18.6219739292365,93.85474860335195,7.223251396648045,7.696202380952381,14.0062,0.9755,-7.223251396648045,156.122068970997,6,2020-08-20,0.5,深交所,可转债
123060.SZ,苏试转债,2020-12-17,120.51,120.5,121.696,116.7,121.299,0.789,0.6547174508339557,150,0.164383561644,2.073770491803279,0.3297636419096612,-0.5632,88.43829851,32.86070149,37.1566414592252,23.86,4.191114836546522,95.97652975691534,25.32247024308466,26.38402358078603,45.3104,4.6931,-25.32247024308466,108.523718088112,6,2020-07-21,0.4,深交所,可转债
113561.SH,正裕转债,2020-12-17,112.48,112.8,114.22,111.86,113.21,0.73,0.64900426742532,353,0.482191780822,5.038251366120218,0.4416570974295557,0.9346,77.47564822,35.73435178,46.12333371968527,10.23,9.775171065493646,105.1808406647116,8.029159335288368,7.633671003717472,49.1601,2.5736,-8.029159335288368,135.7598717548512,6,2019-12-31,0.5,上交所,可转债
123075.SZ,贝斯转债,2020-12-17,108.0,107.9,109.184,106.52,108.694,0.694,0.6425925925925926,46,0.050410958904,2.610958904109589,0.368005593685024,1.0586,85.38409645,23.30990355,27.30005295968674,23.99,4.168403501458942,90.99624843684869,17.69775156315131,19.44888043976179,26.4915,2.7131,-17.69775156315131,106.5728305623461,6,2020-11-02,0.4,深交所,可转债
123074.SZ,隆利转债,2020-12-17,141.1,139.39,143.66,138.01,142.0,0.9,0.6378454996456414,50,0.054794520548,0.9972602739726028,0.2816901408450704,-2.3237,93.95006879,48.04993121,51.1441149845272,29.53,3.386386725364037,154.1144598713173,-12.11445987131731,-7.860689958250934,88.622,6.2921,12.11445987131731,164.0386876307654,6,2020-10-29,0.4,深交所,可转债
113599.SH,嘉友转债,2020-12-17,103.91,103.99,105.15,103.99,104.56,0.65,0.625541333846598,135,0.147945205479,1.605479452054795,0.3825554705432288,3.4332,90.69191528,13.86808472,15.29142336137021,24.82,4.029008863819501,89.80660757453667,14.75339242546334,16.42795872588605,12.989,2.4575,-14.75339242546334,99.02382951916931,6,2020-08-05,0.4,上交所,可转债
128102.SZ,海大转债,2020-12-17,174.7,174.7,178.48,173.126,175.79,1.09,0.6239267315397825,274,0.150136986301,0.01639344262295082,0.08696553406267137,-8.0021,100.08349245,75.70650755,75.64335106293545,34.74,2.878526194588371,175.5613126079447,0.2286873920552677,0.1302606984751599,36.0519,8.6411,-0.2286873920552677,175.4148544483019,6,2020-03-19,0.2,深交所,可转债
128085.SZ,鸿达转债,2020-12-17,83.88,83.888,85.488,82.68,84.4,0.52,0.619933237958989,2,0.003287671233,4.997260273972603,0.7109004739336493,8.2541,26.1304721,58.2695279,222.9945470445595,3.92,25.51020408163265,81.88775510204081,2.512244897959184,3.06791277258567,14.2363,1.0789,-2.512244897959184,313.3803124132641,6,2019-12-13,0.4,深交所,可转债
113530.SH,大丰转债,2020-12-17,100.38,99.91,101.1,99.9,101.0,0.62,0.617652918908149,266,0.437260273973,4.273972602739726,0.594059405940594,4.5414,100.63122601,0.36877399,0.3664607941508672,16.64,6.009615384615385,72.05528846153847,28.94471153846154,40.17014178482069,17.2086,2.346,-28.94471153846154,71.60330974639832,6,2019-03-26,0.4,上交所,可转债
110068.SH,龙净转债,2020-12-17,107.34,107.34,113.76,106.8,108.0,0.66,0.6148686416992734,269,0.147397260274,5.265753424657534,0.1851851851851852,1.2221,92.47504366,15.52495634,16.78826602891922,10.73,9.319664492078285,86.48648648648648,21.51351351351351,24.875,12.9903,1.7194,-21.51351351351351,93.52413696009548,6,2020-03-24,0.2,上交所,可转债
128093.SZ,百川转债,2020-12-17,107.935,107.165,108.7,106.999,108.592,0.657,0.6086996803631816,350,0.478082191781,1.205479452054795,0.4604390747016355,3.8183,93.90350486,14.68849514,15.64211598054722,5.87,17.03577512776831,96.9335604770017,11.6584395229983,12.02724780316344,66.6595,2.275,-11.6584395229983,103.2267758498676,6,2020-01-03,0.5,深交所,可转债
123033.SZ,金力转债,2020-12-17,115.073,115.018,116.697,113.86,115.768,0.695,0.6039644399641967,47,0.128767123288,0.7041095890410959,0.7170694719623472,1.0237,96.22076958,19.54723042,20.31498033670165,40.97,2.44081034903588,95.99707102758116,19.77092897241884,20.59534604627511,80.374,12.1715,-19.77092897241884,99.76751531566909,6,2019-11-01,0.4,深交所,可转债
123007.SZ,道氏转债,2020-12-17,105.42,105.1,107.033,104.85,106.055,0.635,0.6023524947827736,356,0.972602739726,0.6547945205479452,0.9429069822262034,1.6449,97.86750978,8.18749022,8.365892049777258,14.95,6.688963210702341,86.75585284280936,19.29914715719064,22.24535466461064,74.1141,2.4656,-19.29914715719064,88.64622491961946,6,2017-12-28,0.5,深交所,可转债
113546.SH,迪贝转债,2020-12-17,104.7,105.49,105.64,104.0,105.33,0.63,0.6017191977077364,56,0.122739726027,4.849315068493151,0.7595177062565271,2.8936,79.95186279,25.37813721,31.74177101621474,14.1,7.092198581560283,91.13475177304964,14.19524822695036,15.57610894941634,39.521,2.5078,-14.19524822695036,113.9870274347734,6,2019-10-23,0.5,上交所,可转债
110062.SH,烽火转债,2020-12-17,113.5,113.57,114.66,112.8,114.18,0.68,0.5991189427312775,16,0.021917808219,4.958904109589041,0.4379050621825188,-0.615,91.76174207,22.41825793,24.43094194190248,25.65,3.898635477582846,91.3840155945419,22.79598440545809,24.94526450511945,74.1578,2.5816,-22.79598440545809,99.58836169961775,6,2019-11-28,0.2,上交所,可转债
113601.SH,塞力转债,2020-12-17,108.33,108.36,109.36,106.12,108.96,0.63,0.5815563555801717,119,0.16301369863,5.676712328767123,0.4588839941262849,1.9496,66.91214073,42.04785927,62.84040356692381,16.98,5.889281507656066,104.6525323910483,4.307467608951708,4.115970737197524,95.4636,2.3942,-4.307467608951708,156.4029057347547,6,2020-08-21,0.5,上交所,可转债
128079.SZ,英联转债,2020-12-17,126.698,126.7,127.7,126.23,127.43,0.732,0.577751819286808,58,0.095342465753,2.646575342465753,0.4708467393863298,-1.6927,73.9549044,53.4750956,72.30770701936031,13.41,7.457121551081283,103.1319910514541,24.29800894854586,23.56010845986985,40.6775,3.4056,-24.29800894854586,139.4525378515047,6,2019-10-21,0.4,深交所,可转债
110033.SH,国贸转债,2020-12-17,109.47,109.47,110.4,109.28,110.1,0.63,0.5755001370238422,348,1.616164383562,0.8849315068493151,1.544050862851953,-5.9106,100.50808059,9.59191941,9.54343108901668,7.19,13.90820584144645,96.38386648122392,13.71613351877608,14.23073593073593,4.9533,0.894,-13.71613351877608,95.89663429590316,6,2016-01-05,0.3,上交所,可转债
113033.SH,利群转债,2020-12-17,105.0,106.42,106.42,105.0,105.6,0.6,0.5714285714285714,261,0.28602739726,5.287671232876712,0.3787878787878788,1.7112,90.81299911,14.78700089,16.28291217658036,7.01,14.26533523537803,97.43223965763195,8.167760342368046,8.383016105417276,83.7707,1.3185,-8.167760342368046,107.288869008295,6,2020-04-01,0.4,上交所,可转债
110061.SH,川投转债,2020-12-17,118.5,118.99,119.49,118.03,119.16,0.66,0.5569620253164557,37,0.050684931507,3.12568306010929,0.4196038939241356,-1.4995,91.70978413,27.45021587,29.93161103845682,9.58,10.4384133611691,105.3235908141962,13.83640918580376,13.13704658077304,12.2978,1.6051,-13.83640918580376,114.8444430584402,6,2019-11-08,0.2,上交所,可转债
110043.SH,无锡转债,2020-12-17,115.58,115.03,116.3,114.82,116.21,0.63,0.5450770029416854,323,0.705753424658,3.120218579234973,0.6884089148954479,-2.0361,96.59029297,19.61970703,20.31229684342472,5.79,17.27115716753022,100.8635578583765,15.34644214162349,15.21505136986301,8.0816,0.9437,-15.34644214162349,104.42411422202,6,2018-01-30,0.3,上交所,可转债
127021.SZ,特发转2,2020-12-17,108.115,109.44,109.99,107.39,108.7,0.585,0.5410905054802756,133,0.109315068493,2.397260273972603,0.2759889604415823,0.9085,91.09976452,17.60023548,19.31973762252267,12.33,8.110300081103,82.88726682887267,25.81273317112733,31.14197651663405,-394.3285,2.942,-25.81273317112733,90.98516035206177,5,2020-08-07,0.3,深交所,可转债
123063.SZ,大禹转债,2020-12-17,113.32,113.32,113.93,112.323,113.93,0.61,0.538298623367455,143,0.156712328767,5.610958904109589,0.3510927762661283,1.9223,87.5039815,26.4260185,30.19978982327793,4.94,20.24291497975709,107.6923076923077,6.237692307692308,5.792142857142857,66.0126,2.9388,-6.237692307692308,123.0713229800951,6,2020-07-28,0.4,深交所,可转债
128044.SZ,岭南转债,2020-12-17,94.5,94.49,95.28,94.104,95.0,0.5,0.5291005291005291,126,0.345205479452,3.657534246575342,1.052631578947368,4.5172,76.47044193,18.52955807,24.23100691239852,5.91,16.92047377326565,68.18950930626058,26.81049069373943,39.31761786600497,60.4883,1.252,-26.81049069373943,89.1710673892539,6,2018-08-14,0.3,深交所,可转债
128025.SZ,特一转债,2020-12-17,102.59,102.59,103.437,101.979,103.1,0.51,0.4971244760697924,12,0.042739726027,2.96986301369863,1.260911736178467,1.8525,90.50823277,12.59176723,13.91228935161983,14.7,6.802721088435374,86.05442176870748,17.04557823129252,19.80790513833992,67.1114,2.5467,-17.04557823129252,95.07910952961532,6,2017-12-06,0.3,深交所,可转债
128056.SZ,今飞转债,2020-12-17,111.96,111.858,115.33,110.13,112.51,0.55,0.4912468738835298,294,0.642191780822,4.199453551912568,0.7110479068527242,1.7933,85.06836339,27.44163661,32.25833378760621,6.7,14.92537313432836,91.04477611940298,21.46522388059702,23.57655737704918,54.7399,2.5511,-21.46522388059702,107.0254234256322,6,2019-02-27,0.6,深交所,可转债
123002.SZ,国祯转债,2020-12-17,113.8,113.799,114.351,112.999,114.351,0.551,0.484182776801406,24,0.085479452055,2.936986301369863,1.13685057410954,-1.7014,96.15201385,18.19898615,18.92730627399126,8.48,11.79245283018868,109.7877358490566,4.563264150943396,4.156442534908701,17.9721,1.7188,-4.563264150943396,114.1814211196125,6,2017-11-24,0.3,深交所,可转债
127014.SZ,北方转债,2020-12-17,105.5,105.5,106.0,105.102,105.985,0.485,0.4597156398104265,55,0.120547945205,4.852054794520548,0.7548237958201632,1.7505,94.26083848,11.72416152,12.43799833425798,8.75,11.42857142857143,84.91428571428571,21.07071428571429,24.81409825033648,8.343,1.0765,-21.07071428571429,90.08437340847821,6,2019-10-24,0.5,深交所,可转债
123069.SZ,金诺转债,2020-12-17,101.901,101.95,102.85,101.44,102.359,0.458,0.4494558443979941,63,0.06904109589,0.8931506849315068,0.3907814652351039,-1.0322,94.57928047,7.77971953,8.225606593050454,19.15,5.221932114882507,81.93211488250653,20.42688511749347,24.93147546207776,30.6689,2.134,-20.42688511749347,86.62797440978092,6,2020-10-16,0.4,深交所,可转债
113011.SH,光大转债,2020-12-17,123.6,123.52,124.88,122.7,124.15,0.55,0.4449838187702265,276,1.134246575342,2.246575342465754,1.208215867901732,-6.0081,100.30671665,23.84328335,23.77037565011356,3.76,26.59574468085106,107.9787234042553,16.17127659574468,14.97635467980296,5.5574,0.6665,-16.17127659574468,107.6485473859395,6,2017-03-17,0.2,上交所,可转债
113524.SH,奇精转债,2020-12-17,99.48,99.37,100.09,98.73,99.91,0.43,0.4322476879774829,4,0.01095890411,3.991780821917808,1.000900810729657,4.1759,90.70287895,9.20712105,10.15085866797616,14.08,7.102272727272728,76.8465909090909,23.06340909090909,30.01227356746765,30.5524,2.1746,-23.06340909090909,84.7234308311786,6,2018-12-14,0.4,上交所,可转债
128026.SZ,众兴转债,2020-12-17,103.248,103.248,104.001,102.851,103.69,0.442,0.4280954594762126,5,0.020547945205,2.989041095890411,1.446619731893143,1.8056,90.85197578,12.83802422,14.13070448912146,11.45,8.733624454148472,89.95633187772926,13.73366812227074,15.26703883495146,23.5409,1.5431,-13.73366812227074,99.0141723450907,6,2017-12-13,0.4,深交所,可转债
113577.SH,春秋转债,2020-12-17,115.1,115.1,115.89,114.09,115.59,0.49,0.4257167680278019,248,0.339726027397,5.323287671232877,0.4325633705337832,0.4298,83.51646041,32.07353959,38.40385408163157,11.06,9.041591320072333,106.3291139240506,9.260886075949367,8.709642857142857,17.2966,2.6832,-9.260886075949367,127.3151584754173,6,2020-04-14,0.5,上交所,可转债
113548.SH,石英转债,2020-12-17,144.74,144.5,146.99,141.0,145.35,0.61,0.4214453502832666,51,0.097808219178,1.66027397260274,0.4815961472308222,-3.2147,91.07126578,54.27873422,59.60028528770054,15.1,6.622516556291391,142.8476821192053,2.502317880794702,1.751738525730181,38.3524,4.0388,-2.502317880794702,156.8526372130164,6,2019-10-28,0.4,上交所,可转债
113536.SH,三星转债,2020-12-17,115.31,115.49,115.99,112.66,115.79,0.48,0.4162691874078571,201,0.275342465753,1.038251366120219,0.4318162190171863,-0.1964,96.44042429,19.34957571,20.06376045361963,19.54,5.117707267144319,111.0542476970317,4.73575230296827,4.264359447004608,28.4309,2.751,-4.73575230296827,115.1532135145812,6,2019-05-31,0.4,上交所,可转债
127011.SZ,中鼎转2,2020-12-17,122.5,121.0,123.996,120.998,123.002,0.502,0.4097959183673469,285,0.546575342466,1.188524590163935,0.5690964374563016,-1.5742,96.76097849,26.24102151,27.11942553651619,11.59,8.628127696289905,108.3692838654012,14.63271613459879,13.50264171974522,38.1091,1.7542,-14.63271613459879,111.9968871300748,6,2019-03-07,0.5,深交所,可转债
128028.SZ,赣锋转债,2020-12-17,200.978,198.527,209.0,198.0,201.79,0.812,0.4040243210699679,363,0.793424657534,0.2219178082191781,0.3964517567768472,-18.6697,100.06287778,101.72712222,101.6631986576071,41.68,2.399232245681382,199.8560460652591,1.933953934740883,0.9676734693877551,252.7275,11.9969,-1.933953934740883,199.7304599860361,6,2017-12-21,0.3,深交所,可转债
113565.SH,宏辉转债,2020-12-17,117.44,116.78,119.39,115.5,117.91,0.47,0.4002043596730245,296,0.323287671233,5.193989071038251,0.3392417945890934,0.0484,84.27357294,33.63642706,39.91337484165769,10.0,10.0,115.6,2.31,1.998269896193772,52.9314,4.2042,-2.31,137.1723020243883,6,2020-02-26,0.4,上交所,可转债
113026.SH,核能转债,2020-12-17,101.5,101.55,102.0,101.36,101.9,0.4,0.3940886699507389,247,0.338356164384,1.224657534246575,0.4906771344455349,1.7789,96.7260238,5.1739762,5.349104611906935,6.08,16.44736842105263,77.96052631578948,23.93947368421053,30.70717299578059,11.2747,1.4141,-23.93947368421053,80.59932917018085,6,2019-04-12,0.2,上交所,可转债
128124.SZ,科华转债,2020-12-17,102.599,102.599,103.207,102.304,103.0,0.401,0.3908420160040546,143,0.117534246575,5.610958904109589,0.2912621359223301,1.2481,68.13634498,34.86365502,51.1674863543583,21.5,4.651162790697675,82.37209302325581,20.62790697674419,25.04234895539243,17.0162,3.1672,-20.62790697674419,120.8930315346889,6,2020-07-28,0.3,深交所,可转债
123015.SZ,Z蓝转退,2020-12-17,254.01,258.825,269.653,254.333,255.0,0.99,0.3897484351009803,127,0.347945205479,3.654794520547945,0.392156862745098,-20.3754,35.60159671,219.39840329,616.2600095640486,5.79,17.27115716753022,93.09153713298791,161.9084628670121,173.9239332096475,244.738,1.7488,-161.9084628670121,261.4813540282585,6,2018-08-13,0.4,深交所,可转债
128113.SZ,比音转债,2020-12-17,118.75,118.75,119.3,118.06,119.2,0.45,0.3789473684210526,186,0.203835616438,1.185792349726776,0.3355704697986577,-0.2977,95.43981635,23.76018365,24.89546245863035,14.9,6.711409395973154,114.496644295302,4.703355704697986,4.107854630715123,19.2326,4.1548,-4.703355704697986,119.9673770069047,6,2020-06-15,0.4,深交所,可转债
123018.SZ,溢利转债,2020-12-17,254.05,259.504,263.0,253.699,255.0,0.95,0.3739421373745326,364,0.596712328767,4.008196721311475,0.2352941176470588,-18.3256,88.89842901,166.10157099,186.8442140539014,8.32,12.01923076923077,142.9086538461538,112.0913461538462,78.43566021867115,35.5233,2.0517,-112.0913461538462,160.7549823294159,6,2018-12-20,0.4,深交所,可转债
113542.SH,好客转债,2020-12-17,110.51,110.63,114.54,110.32,110.91,0.4,0.3619581938286128,139,0.228493150685,4.621917808219179,0.5409791723018664,0.7829,93.49156931,17.41843069,18.63101755436776,16.27,6.146281499692686,97.11124769514444,13.79875230485556,14.20922151898734,20.5158,2.0076,-13.79875230485556,103.8716628802564,6,2019-08-01,0.4,上交所,可转债
128064.SZ,司尔转债,2020-12-17,110.411,110.311,111.28,108.223,110.8,0.389,0.3523199681191186,254,0.417534246575,0.6876712328767123,0.5415162454873647,0.8653,97.89638306,12.90361694,13.18089242591472,6.07,16.47446457990115,103.7891268533773,7.010873146622735,6.754920634920635,16.8749,1.182,-7.010873146622735,106.019368243427,6,2019-04-04,0.4,深交所,可转债
113603.SH,东缆转债,2020-12-17,115.1,115.1,116.2,114.1,115.5,0.4,0.3475238922675934,85,0.069863013699,0.9534246575342465,0.2597402597402597,-7.6273,96.03274276,19.46725724,20.27147895655917,23.88,4.187604690117253,91.03852596314908,24.46147403685092,26.86936522539099,17.3878,5.2501,-24.46147403685092,94.79946458539438,6,2020-09-24,0.3,上交所,可转债
113014.SH,林洋转债,2020-12-17,104.99,104.99,105.94,104.52,105.35,0.36,0.3428897990284789,52,0.213698630137,0.7835616438356164,1.31460038618823,-4.8033,98.0532013,7.2967987,7.441673095073133,8.54,11.7096018735363,85.36299765807962,19.98700234192037,23.41412894375857,10.2236,1.2232,-19.98700234192037,87.05783852676682,6,2017-10-27,0.3,上交所,可转债
110057.SH,现代转债,2020-12-17,111.9,111.9,112.3,111.39,112.28,0.38,0.3395889186773906,261,0.357534246575,2.495890410958904,0.4453152832205201,-0.3155,93.95904452,18.32095548,19.49887376313222,9.89,10.11122345803842,102.0222446916077,10.25775530839232,10.05443012884044,12.3194,1.319,-10.25775530839232,108.5816115019043,6,2019-03-29,0.2,上交所,可转债
128105.SZ,长集转债,2020-12-17,113.002,112.761,113.451,112.2,113.385,0.383,0.3389320542999239,253,0.277260273973,5.30958904109589,0.3527803501344975,0.3224,81.47635763,31.90864237,39.16306926102828,8.11,12.3304562268804,103.4525277435265,9.93247225647349,9.600995232419548,17.7554,2.4743,-9.93247225647349,126.9724503558745,6,2020-04-09,0.4,深交所,可转债
128126.SZ,赣锋转2,2020-12-17,142.749,142.01,144.2,141.126,143.22,0.471,0.3299497719773869,134,0.110136986301,0.4,0.1601138587439953,-4.4676,98.38628839,44.83371161,45.56906490087383,60.27,1.659200265472043,138.2113821138211,5.008617886178862,3.623882352941176,252.7275,11.9969,-5.008617886178862,140.4782966971534,6,2020-08-06,0.3,深交所,可转债
127012.SZ,招路转债,2020-12-17,106.15,106.15,106.94,105.7,106.5,0.35,0.3297220913801225,271,0.222739726027,4.260273972602739,0.2816901408450704,0.3774,91.96782563,14.53217437,15.8013677831909,8.81,11.35073779795687,82.74687854710557,23.75312145289444,28.70576131687243,36.1384,0.8759,-23.75312145289444,89.97372502858592,6,2019-03-21,0.1,深交所,可转债
113516.SH,苏农转债,2020-12-17,108.55,108.47,109.8,108.05,108.9,0.35,0.3224320589590051,138,0.378082191781,3.624657534246575,0.9182736455463728,1.3705,98.80304867,10.09695133,10.21927103051607,5.52,18.11594202898551,90.39855072463769,18.50144927536232,20.46653306613226,7.639,0.7594,-18.50144927536232,91.49368561142971,6,2018-08-02,0.5,上交所,可转债
128097.SZ,奥佳转债,2020-12-17,129.199,128.003,129.996,128.003,129.6,0.401,0.310373919302781,297,0.324383561644,5.191256830601093,0.308641975308642,-2.2713,82.16108491,47.43891509,57.7389102662958,10.69,9.354536950420954,126.8475210477081,2.752478952291862,2.169911504424779,19.2317,1.9899,-2.752478952291862,154.388809722581,6,2020-02-25,0.4,深交所,可转债
113528.SH,长城转债,2020-12-17,100.2,100.17,100.89,99.7,100.5,0.3,0.2994011976047904,292,0.64,1.019125683060109,0.7960199004975125,3.9112,95.20331717,5.29668283,5.563548610960654,23.45,4.264392324093817,77.52665245202559,22.97334754797441,29.63283828382838,19.358,1.77,-22.97334754797441,81.43272183845228,6,2019-02-27,0.5,上交所,可转债
128121.SZ,宏川转债,2020-12-17,121.66,121.66,123.667,120.662,122.0,0.34,0.279467368074963,154,0.168767123288,5.580821917808219,0.3278688524590164,-1.3421,78.51302065,43.48697935,55.38823877871014,20.25,4.938271604938271,101.9259259259259,20.07407407407407,19.69476744186046,42.5724,4.7671,-20.07407407407407,129.8204107829418,6,2020-07-17,0.4,深交所,可转债
128101.SZ,联创转债,2020-12-17,109.2,108.621,110.2,108.39,109.5,0.3,0.2747252747252748,277,0.227671232877,5.243835616438356,0.273972602739726,0.9743,90.84843057,18.65156943,20.5304255813519,13.86,7.215007215007215,77.4891774891775,32.01082251082251,41.31005586592179,40.2467,4.3063,-32.01082251082251,85.29500950428745,6,2020-03-16,0.3,深交所,可转债
123024.SZ,岱勒转债,2020-12-17,102.325,102.005,103.18,101.717,102.6,0.275,0.2687515269973125,272,0.372602739726,1.26027397260274,0.4873294346978557,3.0516,91.37281903,11.22718097,12.28722183378608,24.9,4.016064257028113,79.59839357429719,23.00160642570281,28.8970736629667,270.427,3.3087,-23.00160642570281,87.11386429717467,5,2019-03-21,0.4,深交所,可转债
123043.SZ,正元转债,2020-12-17,141.6,142.0,144.9,141.48,141.98,0.38,0.268361581920904,288,0.394520547945,1.172131147540984,0.3521622763769545,-3.0251,91.39901757,50.58098243,55.34083820021524,15.41,6.489292667099286,103.1797534068787,38.80024659312135,37.60451572327044,-970.095,3.2978,-38.80024659312135,112.8893462425415,6,2020-03-05,0.5,深交所,可转债
113572.SH,三祥转债,2020-12-17,116.92,116.95,119.32,116.61,117.23,0.31,0.2651385562777968,281,0.307945205479,0.7698630136986301,0.3412095879894225,-11.6543,94.16509535,23.06490465,24.49411277530236,14.19,7.047216349541931,114.3763213530655,2.853678646934461,2.494990757855823,53.4727,5.2416,-2.853678646934461,121.463607006336,6,2020-03-12,0.4,上交所,可转债
128114.SZ,正邦转债,2020-12-17,113.8,113.2,114.599,113.2,114.1,0.3,0.2636203866432337,184,0.201643835616,3.122950819672131,0.35056967572305,0.1942,null,null,null,16.09,6.215040397762586,108.141702921069,5.958297078931013,5.509712643678161,6.0498,2.9268,-5.958297078931013,null,6,2020-06-17,0.4,深交所,可转债
127004.SZ,模塑转债,2020-12-17,177.35,178.1,188.5,176.5,177.81,0.46,0.2593741189737807,199,0.817808219178,2.457534246575342,0.8435970980259828,-16.9866,97.57298354,80.23701646,82.2328205502775,7.46,13.40482573726542,80.42895442359249,97.3810455764075,121.0771,-108.5262,2.1162,-97.3810455764075,82.42953275136932,6,2017-06-02,0.5,深交所,可转债
110038.SH,济川转债,2020-12-17,107.23,107.3,108.08,107.3,107.5,0.27,0.2517952065653269,35,0.143835616438,1.906849315068493,1.395348837209302,0,99.54047702,7.95952298,7.996267667474355,23.85,4.19287211740042,88.46960167714884,19.03039832285115,21.51066350710901,14.6493,2.5518,-19.03039832285115,88.87801658753679,5,2017-11-13,0.2,上交所,可转债
113541.SH,荣晟转债,2020-12-17,111.56,111.56,111.97,111.0,111.84,0.28,0.2509860164933668,148,0.283835616438,1.528767123287671,0.6258941344778255,0.6205,91.87440356,19.96559644,21.73140250860095,11.54,8.665511265164644,107.8856152512998,3.954384748700173,3.665349397590362,13.6114,2.0521,-3.954384748700173,117.4272823233551,6,2019-07-23,0.5,上交所,可转债
128070.SZ,智能转债,2020-12-17,121.899,121.85,125.19,121.5,122.2,0.301,0.2469257335991272,169,0.370410958904,4.53972602739726,0.6546644844517185,-0.8607,80.1727769,42.0272231,52.42081505100018,9.51,10.51524710830705,79.60042060988434,42.59957939011567,53.51677675033025,50.1815,3.5273,-42.59957939011567,99.286096462856,6,2019-07-02,0.5,深交所,可转债
110048.SH,福能转债,2020-12-17,111.02,111.19,111.97,110.02,111.29,0.27,0.2431994235272924,11,0.030136986301,3.972602739726027,0.8985533291400845,0.4596,96.29463441,14.99536559,15.57237916928294,8.12,12.31527093596059,93.34975369458128,17.94024630541872,19.21831134564644,12.3337,0.9471,-17.94024630541872,96.9418018631442,6,2018-12-07,0.4,上交所,可转债
123047.SZ,久吾转债,2020-12-17,119.1,119.1,119.8,117.603,119.38,0.28,0.2350965575146935,273,0.37397260274,0.8438356164383561,0.4188306248952923,-12.5378,93.84133538,25.53866462,27.2147284739545,17.61,5.678591709256105,106.2464508801817,13.13354911981829,12.36140032068413,46.2086,2.8763,-13.13354911981829,113.2192444299184,6,2020-03-20,0.5,深交所,可转债
128037.SZ,岩土转债,2020-12-17,95.979,95.897,96.29,95.5,96.2,0.221,0.2302587024244887,278,0.761643835616,3.241095890410959,1.03950103950104,5.0059,97.92239397,-1.72239397,-1.758937767113497,7.99,12.51564455569462,38.79849812265331,57.40150187734668,147.9477419354839,24.5391,1.377,-57.40150187734668,39.62168054688269,6,2018-03-15,0.3,深交所,可转债
128034.SZ,江银转债,2020-12-17,108.271,108.358,109.0,107.818,108.507,0.236,0.2179715713348912,327,0.714520547945,3.109289617486339,0.7372796225128333,0.1784,96.63234833,11.87465167,12.28848504172536,4.5,22.22222222222222,92.88888888888889,15.61811111111111,16.81375598086125,10.502,0.7976,-15.61811111111111,96.1260804422064,6,2018-01-26,0.3,深交所,可转债
113021.SH,中信转债,2020-12-17,105.29,105.25,106.29,105.25,105.51,0.22,0.2089467185867604,289,0.633424657534,4.210958904109589,0.7582219694815657,2.9534,101.48565547,4.02434453,3.965431874448138,6.98,14.32664756446991,73.20916905444126,32.30083094555874,44.1212915851272,5.08,0.5484,-32.30083094555874,72.13745500819324,6,2019-03-01,0.3,上交所,可转债
113556.SH,至纯转债,2020-12-17,139.57,137.4,141.57,137.0,139.86,0.29,0.2077810417711543,364,0.397808219178,0.1092896174863388,0.286000286000286,-1.9835,99.51325124,40.34674876,40.54409664768581,29.37,3.404834865509023,133.4014300306435,6.458569969356486,4.841454823889739,92.5778,6.6427,-6.458569969356486,134.0539359013746,6,2019-12-20,0.4,上交所,可转债
113592.SH,安20转债,2020-12-17,162.1,163.0,163.99,160.81,162.43,0.33,0.2035780382479951,163,0.13397260274,0.2219178082191781,0.1229612924935418,-7.3431,99.1732877,63.2567123,63.78402266077138,115.9,0.8628127696289906,167.351164797239,-4.921164797238999,-2.940621777686121,90.8139,14.2966,4.921164797238999,168.7462104750199,6,2020-07-08,0.3,上交所,可转债
128032.SZ,双环转债,2020-12-17,98.8,98.999,99.263,98.427,98.997,0.197,0.1993927125506073,359,0.980821917808,0.6328767123287671,1.010131620150106,3.735,99.2173737,-0.2203737,-0.2221120069820997,9.89,10.11122345803842,70.98078867542972,28.01621132457027,39.47013247863248,245.5742,1.4609,-28.01621132457027,71.54068489058356,6,2017-12-25,0.3,深交所,可转债
110059.SH,浦发转债,2020-12-17,101.3,101.24,101.61,101.24,101.5,0.2,0.1974333662388944,51,0.111780821918,4.863013698630137,0.7881773399014779,3.1618,97.9152588,3.5847412,3.6610649289322,14.45,6.920415224913495,67.61245674740485,33.88754325259516,50.12026612077789,4.8071,0.562,-33.88754325259516,69.05201250145176,6,2019-10-25,0.2,上交所,可转债
128030.SZ,天康转债,2020-12-17,164.48,163.798,166.05,163.798,164.789,0.309,0.1878647859922179,362,0.98904109589,3.013661202185793,0.6068366213764268,-12.1796,99.01175988,65.77724012,66.43376524134155,7.85,12.73885350318471,161.7834394904459,3.00556050955414,1.857767716535433,6.9307,2.2846,-3.00556050955414,163.3982061186709,6,2017-12-22,0.3,深交所,可转债
128116.SZ,瑞达转债,2020-12-17,106.8,106.7,107.5,106.2,107.0,0.2,0.1872659176029963,172,0.188493150685,5.531506849315068,0.3738317757009346,1.3863,89.69320456,17.30679544,19.29554811303756,29.82,3.35345405767941,96.41180415828303,10.58819584171697,10.98226086956522,72.8874,7.2752,-10.58819584171697,107.4906450619552,6,2020-06-29,0.4,深交所,可转债
123059.SZ,银信转债,2020-12-17,109.307,109.307,109.805,106.5,109.51,0.203,0.1857154619557759,156,0.17095890411,5.575342465753424,0.3652634462606155,2.3151,86.02375831,23.48624169,27.30204091451535,9.91,10.09081735620585,92.73461150353178,16.77538849646821,18.08967355821545,22.1621,3.0895,-16.77538849646821,107.8011625222746,6,2020-07-15,0.4,深交所,可转债
128051.SZ,光华转债,2020-12-17,108.8,109.3,109.3,108.103,109.0,0.2,0.1838235294117647,4,0.01095890411,0.726027397260274,0.673620711323367,1.3327,96.05270704,12.94729296,13.47936290291981,12.72,7.861635220125787,97.40566037735849,11.59433962264151,11.90314769975787,162.8659,3.8318,-11.59433962264151,101.4085530528516,6,2018-12-14,0.5,深交所,可转债
128072.SZ,翔鹭转债,2020-12-17,101.2,101.2,101.902,100.228,101.38,0.18,0.1778656126482213,120,0.197260273973,4.673972602739726,0.5918327086210298,2.8098,77.43968763,23.94031237,30.91478426977224,15.34,6.51890482398957,77.2490221642764,24.1309778357236,31.23790717299578,110.9122,3.3291,-24.1309778357236,99.753788436448,6,2019-08-20,0.4,深交所,可转债
127013.SZ,创维转债,2020-12-17,100.27,100.271,101.668,99.55,100.448,0.178,0.1775206941258602,247,0.40602739726,1.531506849315069,0.5973239885313795,3.8549,95.12368179,5.32431821,5.59725833757596,11.39,8.779631255487269,73.3099209833187,27.1380790166813,37.01828982035928,23.6941,2.2864,-27.1380790166813,77.0680019988729,6,2019-04-12,0.4,深交所,可转债
113025.SH,明泰转债,2020-12-17,124.89,123.01,125.32,122.31,125.11,0.22,0.1761550164144447,252,0.414246575342,2.852054794520548,0.4795779713851811,-1.9548,91.72097862,33.38902138,36.4028185071277,11.2,8.928571428571429,124.9107142857143,0.1992857142857143,0.159542530378842,9.0021,1.1429,-0.1992857142857143,136.1855446431937,6,2019-04-09,0.4,上交所,可转债
127025.SZ,冀东转债,2020-12-17,115.6,115.05,116.801,114.163,115.8,0.2,0.1730103806228374,43,0.023561643836,5.884931506849315,0.1727115716753022,-0.8657,87.60593199,28.19406801,32.18282982620205,15.78,6.337135614702155,96.00760456273764,19.79239543726236,20.61544554455445,7.3108,1.5013,-19.79239543726236,109.5903010011887,6,2020-11-05,0.2,深交所,可转债
113502.SH,嘉澳转债,2020-12-17,101.77,101.32,102.44,101.04,101.93,0.16,0.1572172545936917,38,0.156164383562,1.767123287671233,1.471598155596978,3.1289,92.34174035,9.58825965,10.38345131211294,44.79,2.232641214556821,53.2261665550346,48.7038334449654,91.50355285234899,41.3884,2.3232,-48.7038334449654,57.64041954731754,6,2017-11-10,0.4,上交所,可转债
127016.SZ,鲁泰转债,2020-12-17,102.8,102.8,103.6,101.7,102.939,0.139,0.1352140077821012,253,0.207945205479,5.30958904109589,0.2914347331915018,2.3551,93.29685954,9.64214046,10.33490356217836,8.91,11.22334455667789,77.10437710437711,25.8346228956229,33.50603930131005,46.2185,0.7685,-25.8346228956229,82.64412916419705,6,2020-04-09,0.3,深交所,可转债
128106.SZ,华统转债,2020-12-17,121.85,122.98,122.98,118.033,122.0,0.15,0.1231021748050882,252,0.207123287671,5.312328767123288,0.2459016393442623,-1.4264,89.04596955,32.95403045,37.00788549614934,9.39,10.64962726304579,117.4653887113951,4.534611288604899,3.86038077969175,40.6844,2.9445,-4.534611288604899,131.9154469371434,6,2020-04-10,0.3,深交所,可转债
128022.SZ,众信转债,2020-12-17,101.878,101.878,102.83,101.51,102.0,0.122,0.1197510748149748,17,0.060547945205,2.010928961748634,1.274509803921569,2.2365,73.8894881,28.1105119,38.04399329706548,7.92,12.62626262626263,77.77777777777777,24.22222222222222,31.14285714285714,-17.8576,2.5076,-24.22222222222222,105.2623042570216,6,2017-12-01,0.3,深交所,可转债
113576.SH,起步转债,2020-12-17,102.64,102.59,103.0,101.31,102.73,0.09,0.08768511301636789,252,0.345205479452,5.312328767123288,0.4867127421395892,3.342,99.59687848,3.13312152,3.145802928581904,10.55,9.47867298578199,84.26540284360189,18.4645971563981,21.91242969628797,36.5466,2.7512,-18.4645971563981,84.60646973039741,6,2020-04-10,0.5,上交所,可转债
123011.SZ,德尔转债,2020-12-17,99.964,99.901,100.398,97.47,100.048,0.084,0.08403025089032051,153,0.419178082192,3.583561643835616,0.999520230289461,4.3774,92.74738627,7.30061373,7.871503471533893,34.54,2.895193977996526,71.01910828025478,29.02889171974522,40.87476233183857,-35.35,1.2474,-29.02889171974522,76.57262499399033,6,2018-07-18,0.5,深交所,可转债
113012.SH,骆驼转债,2020-12-17,109.22,109.26,109.71,107.25,109.31,0.09,0.08240249038637612,269,0.958082191781,0.7123287671232876,1.189278199615772,-5.395,99.01143028,10.29856972,10.40139475904559,10.06,9.940357852882704,90.95427435387674,18.35572564612326,20.18126775956284,17.0839,1.5318,-18.35572564612326,91.86239820661314,6,2017-03-24,0.3,上交所,可转债
128107.SZ,交科转债,2020-12-17,110.05,110.06,110.992,109.713,110.14,0.09,0.0817810086324398,240,0.26301369863,1.556164383561644,0.3631741420010895,0.8779,94.80661837,15.33338163,16.17332407127813,5.36,18.65671641791045,99.6268656716418,10.51313432835821,10.55250936329588,12.5046,0.9182,-10.51313432835821,105.0842940973065,6,2020-04-22,0.4,深交所,可转债
128076.SZ,金轮转债,2020-12-17,102.1,102.1,102.88,101.608,102.182,0.082,0.08031341821743389,65,0.106849315068,4.824657534246575,0.5871875672819088,2.5094,83.92867405,18.25332595,21.74861709256325,14.76,6.775067750677507,80.55555555555556,21.62644444444445,26.84662068965517,77.0938,1.1344,-21.62644444444445,95.98097011227065,6,2019-10-14,0.4,深交所,可转债
123045.SZ,雷迪转债,2020-12-17,126.1,126.2,127.74,125.12,126.2,0.1,0.07930214115781126,281,0.384931506849,1.706849315068493,0.3961965134706815,-1.0777,87.81035015,38.38964985,43.71882105517376,20.13,4.967709885742672,110.829607550919,15.37039244908097,13.8684894666069,38.8801,2.6086,-15.37039244908097,126.214742751392,6,2020-03-12,0.5,深交所,可转债
113595.SH,花王转债,2020-12-17,103.83,103.83,103.97,102.68,103.91,0.08,0.07704902244052779,150,0.205479452055,5.591780821917809,0.48118564142046,3.4796,101.15440323,2.75559677,2.72414910474481,6.94,14.40922190201729,91.93083573487031,11.97916426512968,13.03062695924765,267.3349,1.928,-11.97916426512968,90.88169451787721,6,2020-07-21,0.5,上交所,可转债
128135.SZ,洽洽转债,2020-12-17,123.513,123.513,124.384,123.11,123.599,0.086,0.06962829823581324,59,0.048493150685,5.841095890410959,0.2427204103593071,-0.4843,91.99736582,31.60163418,34.3505859089825,60.83,1.643925694558606,100.279467368075,23.31953263192504,23.2545437704918,43.7785,8.0678,-23.31953263192504,109.0025420556927,6,2020-10-20,0.3,深交所,可转债
123046.SZ,天铁转债,2020-12-17,148.997,149.0,150.5,145.13,149.1,0.103,0.06912890863574435,274,0.375342465753,2.810958904109589,0.335345405767941,-4.4156,85.56150048,63.53849952,74.2606185767536,10.12,9.881422924901186,148.7154150197628,0.3845849802371542,0.2586046511627907,32.353,3.7987,-0.3845849802371542,173.8111348976694,6,2020-03-19,0.5,深交所,可转债
123071.SZ,天能转债,2020-12-17,102.74,103.0,103.349,101.703,102.8,0.06,0.05839984426708195,58,0.063561643836,5.843835616438356,0.3891050583657588,2.8998,82.36019309,20.43980691,24.81758012352421,20.05,4.987531172069826,83.69077306733168,19.10922693266833,22.83313468414779,19.6117,2.9798,-19.10922693266833,101.6155619934957,6,2020-10-21,0.4,深交所,可转债
113017.SH,吉视转债,2020-12-17,95.8,95.83,96.19,95.07,95.85,0.05,0.05219206680584551,357,0.975342465753,3.027322404371585,1.043296817944705,4.6984,97.69337922,-1.84337922,-1.886902914729578,2.95,33.89830508474577,68.13559322033899,27.71440677966102,40.67537313432836,116.5456,0.9446,-27.71440677966102,69.74433043911958,6,2017-12-27,0.3,上交所,可转债
113024.SH,核建转债,2020-12-17,100.62,100.62,100.92,99.99,100.67,0.05,0.04969191015702644,254,0.278356164384,4.306849315068493,0.3973378364954803,2.0569,93.18570089,7.48429911,8.03159609094399,9.76,10.24590163934426,73.66803278688525,27.00196721311475,36.65357440890125,15.0373,1.7672,-27.00196721311475,79.0550825752181,6,2019-04-04,0.2,上交所,可转债
128131.SZ,崇达转2,2020-12-17,107.053,107.2,107.49,106.888,107.1,0.047,0.04390348705781248,102,0.083835616438,5.723287671232876,0.2801120448179272,1.3058,88.72139157,18.37860843,20.71496862794304,19.54,5.117707267144319,78.09621289662232,29.00378710337769,37.13853211009175,26.9236,3.3667,-29.00378710337769,88.02410728083028,6,2020-09-07,0.3,深交所,可转债
110060.SH,天路转债,2020-12-17,113.78,113.78,114.26,112.54,113.82,0.04,0.03515556336790297,51,0.083835616438,4.863013698630137,0.5271481286241434,0.198,92.37621559,21.44378441,23.2135342122863,7.16,13.96648044692737,104.3296089385475,9.490391061452515,9.096546184738957,16.6735,1.8425,-9.490391061452515,112.9399037102809,6,2019-10-25,0.4,上交所,可转债
128014.SZ,永东转债,2020-12-17,102.221,102.221,102.769,102.025,102.25,0.029,0.02836990442277027,245,1.006849315068,2.331506849315069,1.466992665036675,3.7777,96.69191086,5.55808914,5.748246249934542,12.6,7.936507936507937,65.55555555555556,36.69444444444444,55.97457627118644,33.8495,1.7604,-36.69444444444444,67.79838662044159,6,2017-04-17,0.5,深交所,可转债
128134.SZ,鸿路转债,2020-12-17,115.168,114.178,115.529,114.178,115.2,0.032,0.02778549597110308,70,0.057534246575,5.810958904109589,0.2604166666666667,-0.0152,88.2210233,26.9789767,30.5811196592638,43.74,2.286236854138089,88.5230909922268,26.67690900777321,30.13553719008264,30.2911,3.7859,-26.67690900777321,100.3423987627072,6,2020-10-09,0.3,深交所,可转债
110041.SH,蒙电转债,2020-12-17,109.02,109.02,109.38,108.53,109.05,0.03,0.0275178866263071,362,0.98904109589,0.8849315068493151,0.9170105456212746,-6.1586,99.10707682,9.94292318,10.03250574937097,2.69,37.17472118959108,95.16728624535315,13.88271375464684,14.5876953125,11.2465,1.2579,-13.88271375464684,96.02471316775657,6,2017-12-22,0.4,上交所,可转债
113016.SH,小康转债,2020-12-17,111.15,110.0,113.5,108.25,111.18,0.03,0.02699055330634278,42,0.172602739726,2.523287671232877,1.349163518618457,-0.5979,89.48752118,21.69247882,24.24078635094449,15.7,6.369426751592357,107.6433121019108,3.536687898089172,3.285562130177515,-22.2072,3.7105,-3.536687898089172,120.2886287188482,6,2017-11-06,0.3,上交所,可转债
113505.SH,杭电转债,2020-12-17,99.69,99.69,99.86,97.87,99.71,0.02,0.02006219279767279,287,0.786301369863,3.216438356164383,1.002908434459934,3.8543,98.02676465,1.68323535,1.717118131981519,7.14,14.00560224089636,78.8515406162465,20.8584593837535,26.45282415630551,25.4606,1.535,-20.8584593837535,80.43878720039599,6,2018-03-06,0.3,上交所,可转债
113600.SH,新星转债,2020-12-17,100.57,100.5,100.74,99.36,100.58,0.01,0.009943323058566173,127,0.139178082192,5.654794520547945,0.3976933784052495,4.1463,77.59671783,22.98328217,29.61888442285936,23.85,4.19287211740042,75.13626834381552,25.44373165618449,33.86344866071428,76.0158,1.88,-25.44373165618449,96.82918355957416,6,2020-08-13,0.4,上交所,可转债
113038.SH,隆20转债,2020-12-17,153.36,153.01,154.48,151.2,153.37,0.01,0.006520605112154408,140,0.115068493151,0.2849315068493151,0.1302249640720219,-5.5528,99.08951944,54.28048056,54.77923484417294,52.59,1.901502186727515,142.2513785890854,11.11862141091462,7.81617831840663,33.2909,8.6968,-11.11862141091462,143.5584503719593,6,2020-07-31,0.3,上交所,可转债
110069.SH,瀚蓝转债,2020-12-17,128.0,128.0,130.0,127.34,128.0,0.0,0.0,255,0.139726027397,0.3616438356164384,0.15625,-2.2683,98.70651143,29.29348857,29.67736185345194,20.2,4.950495049504951,114.4554455445545,13.54455445544554,11.83391003460208,17.2873,2.4734,-13.54455445544554,115.9553142810879,6,2020-04-07,0.2,上交所,可转债
123036.SZ,先导转债,2020-12-17,165.87,165.87,165.87,165.87,165.87,0.0,0.0,7,null,null,null,null,null,null,null,38.97,2.566076469078778,185.6812933025404,-19.81129330254042,-10.66951492537313,102.6621,13.7422,19.81129330254042,null,6,2019-12-11,0.3,深交所,可转债
113579.SH,健友转债,2020-12-17,117.1,116.11,117.79,116.11,117.1,0.0,0.0,239,0.196438356164,5.347945205479452,0.2561912894961571,-0.4769,89.63637759,27.46362241,30.63892489678643,42.05,2.378121284185494,89.22711058263971,27.87288941736028,31.23813965884861,57.1656,10.2274,-27.87288941736028,99.54341416022824,6,2020-04-23,0.3,上交所,可转债
123026.SZ,中环转债,2020-12-17,117.79,117.79,117.79,117.79,117.79,0.0,0.0,3,null,null,null,null,null,null,null,12.51,7.993605115907275,118.0655475619504,-0.2755475619504396,-0.233385240352065,34.2428,3.04,0.2755475619504396,null,5,2019-06-10,0.5,深交所,可转债
128015.SZ,久其转债,2020-12-17,98.0,98.001,98.388,97.0,98.0,0.0,0.0,193,0.687397260274,1.986301369863014,1.326530612244898,5.1697,84.94071149,13.05928851,15.37459279645598,9.48,10.54852320675106,52.42616033755274,45.57383966244726,86.92957746478874,-20.6129,5.009,-45.57383966244726,61.72088674313122,6,2017-06-08,0.3,深交所,可转债
128118.SZ,瀛通转债,2020-12-17,103.23,103.395,103.72,102.722,103.211,-0.019,-0.01840550227647002,169,0.185205479452,5.53972602739726,0.3875555900049413,3.1544,76.18614873,27.02485127,35.47213203514822,27.53,3.632401017072285,80.602978568834,22.608021431166,28.04861784587652,60.1463,2.5405,-22.608021431166,105.7974184447714,6,2020-07-02,0.4,深交所,可转债
128018.SZ,时达转债,2020-12-17,100.689,100.501,100.76,99.321,100.669,-0.02,-0.0198631429451082,42,0.172602739726,0.863013698630137,1.453291180631674,0.9139,97.79682455,2.87217545,2.936880070713912,7.42,13.47708894878706,78.84097035040432,21.82802964959569,27.68615042735043,35.5602,1.424,-21.82802964959569,80.6171066526764,6,2017-11-06,0.3,深交所,可转债
128137.SZ,洁美转债,2020-12-17,115.361,115.061,115.602,114.521,115.331,-0.03,-0.02600532242265584,44,0.048219178082,5.882191780821918,0.3468278259964797,0.2934,79.50452969,35.82647031,45.06217501027016,27.77,3.601008282319049,97.22722362261433,18.10377637738567,18.62006925925926,39.3726,6.3452,-18.10377637738567,122.2914266667796,6,2020-11-04,0.4,深交所,可转债
113574.SH,华体转债,2020-12-17,105.42,105.1,105.99,105.1,105.39,-0.03,-0.02845759817871372,262,0.358904109589,5.284931506849315,0.4744283138817725,1.9462,74.3692385,31.0207615,41.7118181195307,33.99,2.942041776993233,73.40394233598117,31.98605766401883,43.57539478957916,49.7142,4.8694,-31.98605766401883,98.70202225612566,6,2020-03-31,0.5,上交所,可转债
128109.SZ,楚江转债,2020-12-17,119.3,120.88,120.88,118.31,119.254,-0.046,-0.038558256496228,197,0.215890410959,5.463013698630137,0.335418518456404,-0.6273,89.99024438,29.26375562,32.51880892380792,8.73,11.45475372279496,101.7182130584192,17.53578694158076,17.23957432432432,44.8128,2.1538,-17.53578694158076,113.0324889761337,6,2020-06-04,0.4,深交所,可转债
128042.SZ,凯中转债,2020-12-17,104.65,104.65,104.748,102.973,104.6,-0.05,-0.04777830864787386,141,0.386301369863,3.616438356164383,0.9560229445506692,3.0342,92.55125196,12.04874804,13.01846035017158,12.96,7.716049382716049,82.87037037037037,21.72962962962963,26.22122905027933,24.7872,2.2843,-21.72962962962963,89.53997770466289,6,2018-07-27,0.4,深交所,可转债
110031.SH,航信转债,2020-12-17,106.91,106.91,106.96,106.55,106.85,-0.06,-0.05612197175194088,189,0.828493150685,0.4849315068493151,null,0.2895,105.500451,1.349549,1.279187896552215,21.56,4.638218923933209,58.20964749536178,48.64035250463822,83.56063745019921,98.9692,2.0148,-48.64035250463822,55.17478545694727,6,2015-06-12,0.2,上交所,可转债
128122.SZ,兴森转债,2020-12-17,105.621,105.3,106.9,104.704,105.56,-0.061,-0.05775366641103569,148,0.121643835616,4.597260273972603,0.2841985600606291,1.5702,92.14072656,13.41927344,14.56388932559769,14.18,7.052186177715091,72.28490832157969,33.27509167842031,46.0332487804878,25.0074,4.8275,-33.27509167842031,78.4505516944338,5,2020-07-23,0.3,深交所,可转债
113587.SH,泛微转债,2020-12-17,144.96,144.96,145.68,143.02,144.87,-0.09,-0.06208609271523179,186,0.254794520548,0.185792349726776,0.2392319613900394,-2.8045,99.10141593,45.76858407,46.18358238426029,64.33,1.55448468832582,148.2201150318669,-3.350115031866936,-2.260229680125852,193.4092,20.9972,3.350115031866936,149.5640739750498,6,2020-06-15,0.5,上交所,可转债
113532.SH,海环转债,2020-12-17,101.6,101.6,101.8,101.0,101.53,-0.07,-0.0688976377952756,260,0.427397260274,4.29041095890411,0.5909583374372107,2.5613,95.98386857,5.54613143,5.778191182151891,7.69,13.00390117035111,76.4629388816645,25.0670611183355,32.78328231292517,20.1614,1.5493,-25.0670611183355,79.6622807778381,6,2019-04-02,0.4,上交所,可转债
113586.SH,上机转债,2020-12-17,339.28,335.88,339.86,326.74,338.98,-0.3,-0.08842254185333648,192,0.26301369863,0.09289617486338798,0.09092547586352882,-17.4235,99.68390347,239.29609653,240.0549017445093,33.3,3.003003003003003,339.039039039039,-0.059039039039039,-0.01741364038972541,57.4794,13.0495,0.059039039039039,340.1141279956731,6,2020-06-09,0.5,上交所,可转债
128132.SZ,交建转债,2020-12-17,93.2,93.2,93.299,92.524,93.116,-0.084,-0.09012875536480687,94,0.10301369863,5.745205479452054,0.4295717169981528,4.1827,90.25861054,2.85738946,3.165780464495061,18.57,5.385029617662897,61.60473882606355,31.51126117393646,51.15070979020979,66.9575,3.0467,-31.51126117393646,68.25358650825021,6,2020-09-15,0.4,深交所,可转债
127006.SZ,敖东转债,2020-12-17,105.32,105.32,105.987,104.61,105.217,-0.103,-0.09779718951766046,280,0.460273972603,3.235616438356165,0.5702500546489636,0.822,95.06794681,10.14905319,10.67557839477022,20.42,4.897159647404505,83.30068560235064,21.91631439764936,26.30988477366255,9.8678,0.8729,-21.91631439764936,87.62226217931574,6,2018-03-13,0.2,深交所,可转债
113537.SH,文灿转债,2020-12-17,153.33,153.0,155.49,150.26,153.16,-0.17,-0.1108719754777278,191,0.418630136986,4.47945205479452,0.5223295899712719,-5.1534,90.99627798,62.16372202,68.31457659582837,19.43,5.14668039114771,149.1507977354606,4.009202264539372,2.688019323671498,73.7257,3.0873,-4.009202264539372,163.9086796146128,6,2019-06-06,0.5,上交所,可转债
123057.SZ,美联转债,2020-12-17,118.08,119.5,120.697,117.499,117.933,-0.147,-0.1244918699186992,170,0.186301369863,2.32054794520548,0.3391756336224805,0.0417,87.3744291,30.5585709,34.97427246709187,9.91,10.09081735620585,102.0181634712412,15.91483652875883,15.60000296735905,52.1461,6.1997,-15.91483652875883,116.7597482719818,6,2020-07-01,0.4,深交所,可转债
113588.SH,润达转债,2020-12-17,108.32,108.37,109.04,107.05,108.18,-0.14,-0.1292466765140325,184,0.151232876712,5.498630136986302,0.2773155851358846,1.0089,88.96911631,19.21088369,21.59275542657124,13.36,7.485029940119761,87.72455089820359,20.45544910179641,23.3178156996587,21.6043,2.2662,-20.45544910179641,98.60112647690025,6,2020-06-17,0.3,上交所,可转债
113037.SH,紫银转债,2020-12-17,108.1,108.0,108.6,107.32,107.94,-0.16,-0.1480111008325624,148,0.081095890411,5.597260273972603,0.1852881230313137,1.2893,91.75957133,16.18042867,17.63350507797103,4.75,21.05263157894737,88.0,19.94,22.65909090909091,9.9054,1.0811,-19.94,95.90280199056374,6,2020-07-23,0.2,上交所,可转债
128125.SZ,华阳转债,2020-12-17,105.707,105.71,106.89,104.0,105.55,-0.157,-0.1485237496097704,141,0.154520547945,5.616438356164384,0.3789673140691615,2.1231,81.90130977,23.64869023,28.87461787413611,25.79,3.87747188832881,77.74331136099264,27.80668863900737,35.76730673316708,26.828,3.2248,-27.80668863900737,94.92316005606736,6,2020-07-30,0.4,深交所,可转债
113606.SH,荣泰转债,2020-12-17,109.88,109.88,110.03,108.0,109.7,-0.18,-0.1638150709865308,49,0.067123287671,5.868493150684931,0.4557885141294439,1.7484,82.28406671,27.41593329,33.3186416109258,33.32,3.001200480192077,96.33853541416566,13.36146458583433,13.86928348909657,21.1121,2.8383,-13.36146458583433,117.0804254895409,6,2020-10-30,0.5,上交所,可转债
113559.SH,永创转债,2020-12-17,112.0,111.26,112.0,109.99,111.8,-0.2,-0.1785714285714286,361,0.591780821918,0.5287671232876713,0.5366726296958855,1.2706,97.53791538,14.26208462,14.62209292092828,10.32,9.689922480620154,89.14728682170542,22.65271317829457,25.4104347826087,22.317,2.9213,-22.65271317829457,91.39757239468841,6,2019-12-23,0.6,上交所,可转债
110045.SH,海澜转债,2020-12-17,96.61,96.33,97.26,96.08,96.42,-0.19,-0.1966670116965117,158,0.346301369863,3.56986301369863,0.8297033810412777,4.1126,96.18318382,0.23681618,0.2462137045111593,11.75,8.51063829787234,54.8936170212766,41.5263829787234,75.64883720930233,16.1958,2.1928,-41.5263829787234,57.0719483813367,6,2018-07-13,0.3,上交所,可转债
128112.SZ,歌尔转2,2020-12-17,156.25,156.93,157.0,154.032,155.9,-0.35,-0.224,189,0.103561643836,0.2082191780821918,0.09278866853533034,-5.5451,99.26580613,56.63419387,57.05307404226487,23.27,4.297378599054577,157.2840567253975,-1.384056725397508,-0.8799726775956284,44.1781,6.7933,1.384056725397508,158.4473675853858,6,2020-06-12,0.2,深交所,可转债
113585.SH,寿仙转债,2020-12-17,156.53,158.0,158.01,155.31,156.17,-0.36,-0.2299878617517409,192,0.26301369863,2.468493150684932,0.3201639239290517,-5.1161,86.80104926,69.36895074,79.91717995506636,28.68,3.486750348675035,156.9037656903766,-0.733765690376569,-0.4676533333333333,72.2948,5.2418,0.733765690376569,180.7625219142156,6,2020-06-09,0.5,上交所,可转债
127008.SZ,特发转债,2020-12-17,243.58,253.0,265.3,240.0,243.0,-0.58,-0.2381147877494047,32,0.087671232877,0.2136986301369863,0.1228930604881893,-23.8725,99.38874101,143.61125899,144.4944945781641,5.54,18.05054151624549,184.4765342960289,58.52346570397112,31.72407045009785,-394.3285,2.942,-58.52346570397112,185.6110988240286,5,2018-11-16,0.4,深交所,可转债
113009.SH,广汽转债,2020-12-17,115.3,114.62,117.44,114.03,115.02,-0.28,-0.2428447528187337,331,1.356164383562,1.098360655737705,1.304121022430882,-6.0425,103.81248018,11.20751982,10.79592723395813,14.23,7.027406886858749,95.64300773014757,19.37699226985243,20.25970609845702,21.1011,1.6991,-19.37699226985243,92.13054881678252,6,2016-01-22,0.2,上交所,可转债
127018.SZ,本钢转债,2020-12-17,80.52,80.521,80.75,80.23,80.319,-0.201,-0.2496274217585693,172,0.282739726027,5.531506849315068,0.7470212527546408,9.1904,104.30520032,-23.98620032,-22.99616917125154,5.03,19.88071570576541,65.60636182902584,14.71263817097416,22.42562727272727,33.8315,0.6459,-14.71263817097416,62.89845724637964,6,2020-06-29,0.6,深交所,可转债
123073.SZ,同和转债,2020-12-17,99.8,99.8,100.1,98.731,99.547,-0.253,-0.2535070140280561,53,0.072602739726,1.663013698630137,0.5022753071413503,3.6719,87.38404344,12.16295656,13.91896744667278,36.34,2.75178866263071,70.28068244358833,29.26631755641167,41.64205090054816,40.7233,4.3459,-29.26631755641167,80.42736371182544,6,2020-10-26,0.5,深交所,可转债
128078.SZ,太极转债,2020-12-17,133.015,133.998,134.451,131.24,132.66,-0.355,-0.2668871931737022,58,0.095342465753,2.342465753424658,0.4522840343735866,-2.6223,92.02739445,40.63260555,44.15272842705154,22.4,4.464285714285714,126.1160714285714,6.543928571428571,5.188814159292035,209.7009,5.0266,-6.543928571428571,137.0418799557477,6,2019-10-21,0.4,深交所,可转债
128039.SZ,三力转债,2020-12-17,113.109,112.618,113.541,111.153,112.802,-0.307,-0.2714196040987013,193,0.528767123288,3.473972602739726,0.8865091044485027,-0.7879,82.38574889,30.41625111,36.91931131270196,5.81,17.21170395869191,104.302925989673,8.499074010327023,8.148452145214522,26.5192,1.8898,-8.499074010327023,126.6031169164177,6,2018-06-08,0.3,深交所,可转债
110044.SH,广电转债,2020-12-17,249.26,249.29,250.82,248.33,248.56,-0.7,-0.2808312605311722,174,0.476712328767,3.526027397260274,0.4023173479240425,-20.4613,96.52473846,152.03526154,157.5091152440715,6.9,14.49275362318841,100.2898550724638,148.2701449275362,147.8416184971098,82.6434,1.3299,-148.2701449275362,103.9006752802796,6,2018-06-27,0.4,上交所,可转债
113036.SH,宁建转债,2020-12-17,102.6,102.74,103.2,101.7,102.31,-0.29,-0.2826510721247563,165,0.180821917808,1.317808219178082,0.3909686247678624,2.5439,94.89174379,7.41825621,7.817599206962576,4.86,20.5761316872428,85.59670781893004,16.71329218106996,19.525625,17.7956,1.3646,-16.71329218106996,90.20458935643514,6,2020-07-06,0.4,上交所,可转债
113550.SH,常汽转债,2020-12-17,143.95,143.8,144.76,139.8,143.53,-0.42,-0.2917679749913164,30,0.065753424658,1.336986301369863,0.557374764857521,-3.4319,92.70806283,50.82193717,54.81932813459047,9.65,10.36269430051813,142.4870466321244,1.042953367875648,0.7319636363636364,15.9374,1.4092,-1.042953367875648,153.6943414440713,6,2019-11-18,0.5,上交所,可转债
128013.SZ,洪涛转债,2020-12-17,103.502,103.52,103.87,102.8,103.2,-0.302,-0.2917818013178489,142,0.700273972603,1.613698630136986,1.744186046511628,3.9581,67.47680361,35.72319639,52.94144725122376,3.1,32.25806451612903,93.2258064516129,9.974193548387097,10.69896193771626,-50.2064,1.2103,-9.974193548387097,138.1597844948852,6,2016-07-29,0.4,深交所,可转债
110071.SH,湖盐转债,2020-12-17,105.94,105.5,106.09,105.5,105.61,-0.33,-0.3114970738153672,161,0.132328767123,1.553424657534247,0.2840640090900483,1.6053,93.89206877,11.71793123,12.48021412618407,6.6,15.15151515151515,92.72727272727273,12.88272727272727,13.89313725490196,50.0381,2.208,-12.88272727272727,98.75943084651742,6,2020-07-10,0.3,上交所,可转债
128081.SZ,海亮转债,2020-12-17,100.798,100.801,100.913,100.035,100.47,-0.328,-0.325403281811147,27,0.044383561644,4.928767123287671,0.5971931919976112,2.8135,92.0988822,8.3711178,9.089271878263904,9.76,10.24590163934426,81.9672131147541,18.5027868852459,22.5734,21.5943,1.7326,-18.5027868852459,88.99914000775364,6,2019-11-20,0.3,深交所,可转债
128091.SZ,新天转债,2020-12-17,132.19,132.0,133.25,131.11,131.7,-0.49,-0.3706785687268326,354,0.580273972603,5.03551912568306,0.4555808656036446,-1.8801,78.55441301,53.14558699,67.65448935788567,16.39,6.101281269066504,104.9420378279439,26.75796217205613,25.4978488372093,24.7509,2.6705,-26.75796217205613,133.5915244056177,6,2019-12-30,0.6,深交所,可转债
123030.SZ,九洲转债,2020-12-17,151.36,152.0,152.8,149.2,150.78,-0.58,-0.3831923890063425,120,0.230136986301,0.7452054794520548,0.4642525533890436,-21.4644,95.91293851,54.86706149,57.20506778580191,5.65,17.69911504424779,135.3982300884956,15.38176991150442,11.36039215686275,38.3203,1.3303,-15.38176991150442,141.1678467909507,6,2019-08-20,0.5,深交所,可转债
123034.SZ,通光转债,2020-12-17,189.732,189.06,193.5,185.807,189.0,-0.732,-0.3858073493137689,44,0.084383561644,4.882191780821918,0.3703703703703704,-9.3428,77.93166705,111.06833295,142.520155354485,7.97,12.54705144291092,138.2685069008783,50.73149309912171,36.69056261343012,61.2188,3.2321,-50.73149309912171,177.4227501282206,6,2019-11-04,0.5,深交所,可转债
113597.SH,佳力转债,2020-12-17,102.51,102.56,103.04,102.0,102.11,-0.4,-0.390205833577212,141,0.193150684932,5.616438356164384,0.4896680050925473,3.6741,86.1180559,15.9919441,18.56979228440757,23.4,4.273504273504273,64.95726495726495,37.15273504273505,57.19565789473684,29.8238,3.7979,-37.15273504273505,75.42815995834034,6,2020-07-30,0.5,上交所,可转债
113008.SH,电气转债,2020-12-17,108.99,108.96,109.12,108.0,108.56,-0.43,-0.3945316084044408,320,1.398356164384,0.1284153005464481,null,-14.0592,106.20650608,2.35349392,2.215960214553364,5.13,19.49317738791423,106.0428849902534,2.517115009746589,2.373676470588235,26.3685,1.2713,-2.517115009746589,99.84594061532978,6,2015-02-02,0.2,上交所,可转债
113569.SH,科达转债,2020-12-17,94.37,95.4,95.4,93.88,93.99,-0.38,-0.4026703401504715,284,0.311232876712,5.224657534246576,0.4255771890626662,5.0194,77.43248058,16.55751942,21.38317059711585,14.84,6.738544474393531,51.01078167115903,42.97921832884097,84.25516512549538,-26.2249,2.2142,-42.97921832884097,65.8777573559158,6,2020-03-09,0.4,上交所,可转债
128119.SZ,龙大转债,2020-12-17,141.86,141.0,143.38,139.161,141.273,-0.587,-0.413788241928662,158,0.129863013699,5.569863013698631,0.2123548024038564,-2.9066,83.29026842,57.98273158,69.61525359435262,9.57,10.44932079414838,141.7972831765935,-0.5242831765935214,-0.3697413411938099,16.5066,4.3768,0.5242831765935214,170.2447187005878,6,2020-07-13,0.3,深交所,可转债
123031.SZ,晶瑞转债,2020-12-17,242.169,239.0,242.891,238.999,241.14,-1.029,-0.4249098769867324,111,0.152054794521,4.698630136986301,0.2073484282989135,-14.6565,77.70073589,163.43926411,210.3445511010076,18.43,5.425935973955507,182.311448724905,58.82855127509495,32.26816071428571,77.1348,4.9388,-58.82855127509495,234.6328469565606,6,2019-08-29,0.4,深交所,可转债
113596.SH,城地转债,2020-12-17,96.71,96.76,98.4,95.77,96.29,-0.42,-0.4342880777582463,143,0.156712328767,5.610958904109589,0.4154117769238758,3.0367,56.66106456,39.62893544,69.94032983272984,29.21,3.423485107839781,65.08045190003423,31.20954809996577,47.95533403471857,18.8892,1.9715,-31.20954809996577,114.8592113568899,6,2020-07-28,0.4,上交所,可转债
113573.SH,纵横转债,2020-12-17,102.75,103.01,103.25,102.1,102.29,-0.46,-0.4476885644768857,245,0.335616438356,5.331506849315068,0.4888063349301007,3.8797,79.30113003,22.98886997,28.98933465551273,18.81,5.31632110579479,66.66666666666667,35.62333333333334,53.435,-85.3867,3.7908,-35.62333333333334,84.06773855737787,6,2020-04-17,0.5,上交所,可转债
113607.SH,伟20转债,2020-12-17,119.54,119.43,119.79,118.8,119.0,-0.54,-0.4517316379454576,46,0.037808219178,1.032786885245902,0.2521008403361345,-0.5749,95.65518673,23.34481327,24.40517244077309,22.01,4.543389368468878,96.50159018627896,22.49840981372104,23.31403013182674,22.061,5.3166,-22.49840981372104,100.884848470024,6,2020-11-02,0.3,上交所,可转债
123051.SZ,今天转债,2020-12-17,117.557,117.569,117.68,115.799,117.01,-0.547,-0.4653061918898917,197,0.269863013699,0.8273972602739726,0.427313904794462,-9.7254,93.78403856,23.22596144,24.76536711003417,8.8,11.36363636363636,115.1136363636364,1.896363636363637,1.647384007897335,62.2139,3.4123,-1.896363636363637,122.7433133944113,6,2020-06-04,0.5,深交所,可转债
113583.SH,益丰转债,2020-12-17,135.27,135.8,136.85,134.31,134.64,-0.63,-0.4657351962741184,200,0.219178082192,0.2136986301369863,0.2254617081369727,-2.8551,99.31599567,35.32400433,35.56728610703561,71.82,1.392369813422445,128.0840991367307,6.555900863269284,5.118434612457876,62.0501,9.7074,-6.555900863269284,128.9662337598863,6,2020-06-01,0.4,上交所,可转债
123012.SZ,万顺转债,2020-12-17,127.4,127.23,127.898,126.498,126.792,-0.608,-0.4772370486656201,151,0.413698630137,3.589041095890411,0.7886932929522368,-3.8801,87.95355189,38.83844811,44.157907526661,5.31,18.83239171374765,101.3182674199623,25.47373258003767,25.14228996282528,54.3527,1.0657,-25.47373258003767,115.1951970588715,6,2018-07-20,0.4,深交所,可转债
110074.SH,精达转债,2020-12-17,106.52,106.53,106.53,105.14,106.0,-0.52,-0.488171235448742,121,0.132602739726,5.671232876712328,0.3773584905660378,1.8371,90.56955836,15.43044164,17.03711701747112,3.75,26.66666666666667,88.0,18.0,20.45454545454545,15.7915,1.7943,-18.0,97.16288959941,6,2020-08-19,0.4,上交所,可转债
110056.SH,亨通转债,2020-12-17,105.97,105.97,106.0,104.43,105.42,-0.55,-0.5190148155138247,274,0.375342465753,1.96986301369863,0.4742933029785619,2.0679,94.5142031,10.9057969,11.53879157025872,15.58,6.418485237483954,89.02439024390245,16.39560975609756,18.41698630136986,37.4925,2.1386,-16.39560975609756,94.19154722143813,6,2019-03-18,0.3,上交所,可转债
113604.SH,多伦转债,2020-12-17,115.99,114.31,115.88,114.31,115.35,-0.64,-0.5517717044572809,66,0.072328767123,3.024590163934426,0.3467706978760295,0.2936,83.56360165,31.78639835,38.03856909271933,10.44,9.578544061302683,96.83908045977012,18.51091954022989,19.11513353115727,84.7799,3.9218,-18.51091954022989,115.88667619351,6,2020-10-13,0.4,上交所,可转债
110052.SH,贵广转债,2020-12-17,102.07,102.1,102.79,100.84,101.5,-0.57,-0.5584402860781816,288,0.631232876712,4.213698630136986,0.7881773399014779,3.8387,99.76741327,1.73258673,1.736625891373078,7.94,12.59445843828715,71.28463476070529,30.21536523929471,42.386925795053,70.4993,1.3147,-30.21536523929471,71.45081988623687,6,2019-03-04,0.5,上交所,可转债
128083.SZ,新北转债,2020-12-17,102.88,102.88,102.88,101.6,102.295,-0.585,-0.5686236391912908,6,0.009863013699,4.986301369863014,0.5865389315215798,2.4024,91.81572149,10.47927851,11.41338143396427,11.7,8.547008547008547,75.8119658119658,26.48303418803419,34.93252536640361,36.2904,1.7493,-26.48303418803419,82.56970002705123,6,2019-12-12,0.3,深交所,可转债
123049.SZ,维尔转债,2020-12-17,113.35,112.95,113.35,111.703,112.672,-0.678,-0.5981473312748126,249,0.341095890411,5.32054794520548,0.4437659755751207,1.9879,79.46598884,33.20601116,41.78644429487729,7.48,13.36898395721925,106.8181818181818,5.853818181818181,5.480170212765957,15.6919,1.482,-5.853818181818181,134.4199995211207,6,2020-04-13,0.5,深交所,可转债
123014.SZ,凯发转债,2020-12-17,132.555,131.01,133.3,131.01,131.74,-0.815,-0.6148391233827468,144,0.394520547945,2.608219178082192,0.7590708972218005,-7.2526,87.77811243,43.96188757,50.08297211341618,8.12,12.31527093596059,100.3694581280788,31.37054187192118,31.25506748466258,151.3176,1.8006,-31.37054187192118,114.3445163600664,5,2018-07-27,0.4,深交所,可转债
128052.SZ,凯龙转债,2020-12-17,273.5,278.435,290.509,267.991,271.72,-1.78,-0.6508226691042047,363,0.694246575342,0.2657534246575343,0.2576181363167967,-19.6071,99.76756406,171.95243594,172.3530463634335,6.67,14.99250374812594,172.1139430284858,99.60605697151425,57.87216027874565,52.3816,2.512,-99.60605697151425,172.5149297270371,6,2018-12-21,0.5,深交所,可转债
128036.SZ,金农转债,2020-12-17,137.7,137.065,139.065,136.42,136.781,-0.919,-0.6673928830791576,284,0.778082191781,3.224657534246576,0.7310956931152719,-6.5853,74.94598573,61.83501427,82.50610578766218,7.39,13.53179972936401,120.4330175913397,16.34798240866035,13.57433595505618,11.5436,2.3499,-16.34798240866035,160.6930863851881,6,2018-03-09,0.4,深交所,可转债
128094.SZ,星帅转债,2020-12-17,111.12,111.12,111.79,108.82,110.375,-0.745,-0.6704463642908567,337,0.460273972603,1.191256830601093,0.4530011325028313,1.9563,91.41430498,18.96069502,20.74149666635687,13.95,7.168458781362007,101.8637992831541,8.511200716845877,8.355471498944405,23.8779,3.0341,-8.511200716845877,111.4309180663139,6,2020-01-16,0.5,深交所,可转债
113598.SH,法兰转债,2020-12-17,117.16,117.16,124.14,115.99,116.35,-0.81,-0.6913622396722431,140,0.153424657534,5.619178082191781,0.3437902879243661,0.7446,83.8036738,32.5463262,38.8363954994059,13.88,7.204610951008646,106.7723342939481,9.577665706051873,8.970175438596492,19.9309,2.8053,-9.577665706051873,127.407701181172,6,2020-07-31,0.4,上交所,可转债
123072.SZ,乐歌转债,2020-12-17,158.05,157.013,160.997,155.67,156.9,-1.15,-0.7276178424549193,58,0.079452054795,5.843835616438356,0.3186743148502231,-3.3028,78.8939087,78.0060913,98.87466926835125,73.13,1.367427868179953,66.38862300013675,90.51137699986326,136.3356745623069,31.325,7.0751,-90.51137699986326,84.14923800085056,6,2020-10-21,0.5,深交所,可转债
123039.SZ,开润转债,2020-12-17,113.361,113.401,113.843,112.531,112.531,-0.83,-0.732174204532423,358,0.48904109589,5.024590163934426,0.4443220090463961,1.5773,79.48598183,33.04501817,41.57339119327325,32.87,3.04228780042592,87.58746577426224,24.94353422573775,28.4784289683918,139.0819,8.2878,-24.94353422573775,110.1923430493558,6,2019-12-26,0.5,深交所,可转债
113549.SH,白电转债,2020-12-17,105.99,105.24,106.47,104.26,105.2,-0.79,-0.7453533352203038,33,0.045205479452,4.912328767123288,0.4752851711026616,1.8264,92.0722234,13.1277766,14.25812923292564,8.88,11.26126126126126,92.7927927927928,12.40720720720721,13.37087378640777,-39.5218,1.5541,-12.40720720720721,100.7826132205609,6,2019-11-15,0.3,上交所,可转债
123061.SZ,航新转债,2020-12-17,135.01,135.35,135.35,132.9,133.99,-1.02,-0.7554995926227687,149,0.204109589041,5.594520547945206,0.3731621762818121,-1.2898,69.54238445,64.44761555,92.67386509638152,14.86,6.729475100942127,126.7160161507402,7.273983849259758,5.740382368560807,159.8541,4.1368,-7.273983849259758,182.2140801655245,6,2020-07-22,0.5,深交所,可转债
113027.SH,华钰转债,2020-12-17,111.12,111.11,111.61,109.48,110.19,-0.93,-0.8369330453563715,187,0.307397260274,4.49041095890411,0.5445140212360469,0.9557,72.01865904,38.17134096,53.00201568429537,10.17,9.83284169124877,97.14847590953785,13.04152409046214,13.42432186234818,68.1405,2.2552,-13.04152409046214,134.8934806680869,6,2019-06-13,0.3,上交所,可转债
110058.SH,永鼎转债,2020-12-17,97.71,97.71,98.06,96.26,96.74,-0.97,-0.9927335994268754,246,0.404383561644,4.328767123287672,0.6202191440975812,4.1456,86.84682935,9.89317065,11.39151621774204,5.04,19.84126984126984,70.63492063492063,26.10507936507937,36.95775280898877,-23.8621,1.8317,-26.10507936507937,81.33275695104076,6,2019-04-15,0.4,上交所,可转债
128029.SZ,太阳转债,2020-12-17,167.751,168.579,169.427,165.0,166.013,-1.738,-1.036059397559478,362,0.791232876712,2.013661202185793,0.4818899724720353,-19.477,100.1530642,65.8599358,65.7592818812627,8.55,11.69590643274854,166.4327485380117,-0.4197485380116959,-0.2522030920590302,20.095,2.4049,0.4197485380116959,166.1783889164439,5,2017-12-22,0.3,深交所,可转债
123062.SZ,三超转债,2020-12-17,124.8,124.122,124.57,121.4,123.5,-1.3,-1.041666666666667,144,0.197260273973,1.745205479452055,0.4048582995951417,-0.5681,84.10108007,39.39891993,46.84710338702788,17.17,5.824111822947001,123.0634828188701,0.4365171811298777,0.3547089446284903,62.6903,3.7878,-0.4365171811298777,146.3280646532012,6,2020-07-27,0.5,深交所,可转债
113527.SH,维格转债,2020-12-17,87.35,87.35,87.59,86.2,86.4,-0.95,-1.087578706353749,329,0.62904109589,4.103825136612022,0.8101851851851852,8.5958,100.34958724,-13.94958724,-13.90099114871058,9.85,10.15228426395939,58.2741116751269,28.1258883248731,48.26480836236934,-1.184,0.9165,-28.1258883248731,58.07110251062245,6,2019-01-24,0.5,上交所,可转债
127019.SZ,国城转债,2020-12-17,88.188,88.099,88.1,87.15,87.15,-1.038,-1.177030888556266,156,0.128219178082,5.575342465753424,0.3442340791738382,5.217,89.28692459,-2.13692459,-2.393323098328926,21.07,4.746084480303749,48.26767916468914,38.88232083531087,80.555604719764,99.9686,5.2298,-38.88232083531087,54.05906787173073,6,2020-07-15,0.3,深交所,可转债
113584.SH,家悦转债,2020-12-17,106.6,106.6,107.01,105.1,105.29,-1.31,-1.228893058161351,196,0.214794520548,5.465753424657534,0.3799031247032007,1.7097,89.97882911,15.31117089,17.01641490720217,37.97,2.633658151171978,68.50144851198314,36.78855148801686,53.70477893118031,30.5322,5.2718,-36.78855148801686,76.13062893743533,6,2020-06-05,0.4,上交所,可转债
113605.SH,大参转债,2020-12-17,123.51,123.51,123.51,120.13,121.91,-1.6,-1.295441664642539,57,0.046849315068,5.846575342465753,0.2460831761135264,-0.9804,88.1665205,33.7434795,38.27244095450041,83.85,1.192605843768634,93.94156231365534,27.96843768634466,29.77216579916212,44.7203,10.3559,-27.96843768634466,106.5501528027925,6,2020-10-22,0.3,上交所,可转债
113526.SH,联泰转债,2020-12-17,138.36,138.76,139.36,135.51,136.44,-1.92,-1.387684301821336,330,0.450684931507,4.101092896174864,0.3664614482556435,-5.0488,93.7124393,42.7275607,45.59433200027694,6.11,16.36661211129296,133.5515548281506,2.888445171849427,2.162794117647059,15.7694,2.3754,-2.888445171849427,142.5120889240908,6,2019-01-23,0.3,上交所,可转债
123027.SZ,蓝晓转债,2020-12-17,172.55,170.504,172.879,169.3,170.11,-2.44,-1.414082874529122,190,0.364383561644,1.852054794520548,0.4114984421844689,-7.7429,87.63923479,82.47076521,94.1025619491263,29.33,3.409478349812479,153.8356631435391,16.27433685646096,10.57904033687943,44.2446,6.0922,-16.27433685646096,175.5328689395315,6,2019-06-10,0.5,深交所,可转债
128087.SZ,孚日转债,2020-12-17,95.158,95.95,97.0,93.8,93.805,-1.353,-1.4218457722945,1,0.001643835616,5,0.4264165023186398,3.8495,81.46538432,12.33961568,15.14706618399956,6.3,15.87301587301587,74.28571428571429,19.51928571428572,26.27596153846154,14.3842,1.1295,-19.51928571428572,91.18684568394887,6,2019-12-17,0.4,深交所,可转债
123013.SZ,横河转债,2020-12-17,419.999,422.0,431.48,412.011,414.01,-5.989,-1.425955776085181,145,0.476712328767,3.605479452054794,0.2898480713026255,-30.2742,85.52745644,328.48254356,384.0667748495947,9.13,10.95290251916758,90.03285870755751,323.9771412924425,359.8432238442823,167.6326,3.7666,-323.9771412924425,105.2677847034048,6,2018-07-26,0.5,深交所,可转债
123048.SZ,应急转债,2020-12-17,123.4,123.3,123.469,119.899,121.6,-1.8,-1.458670988654781,252,0.207123287671,5.312328767123288,0.2467105263157895,-1.3801,90.79388554,30.80611446,33.92972365570599,8.9,11.23595505617978,116.0674157303371,5.532584269662921,4.766698935140368,-1816.1384,3.9949,-5.532584269662921,127.8361588338486,6,2020-04-10,0.3,深交所,可转债
123029.SZ,英科转债,2020-12-17,1940.0,1940.0,2027.95,1885.003,1911.0,-29.0,-1.494845360824742,124,0.271780821918,4.663013698630137,0.04186289900575615,-43.6649,112.54963149,1798.45036851,1597.917598397283,11.32,8.8339222614841,1386.13074204947,524.86925795053,37.86578293289146,9.4684,9.1435,-524.86925795053,1231.572883623903,6,2019-08-16,0.5,深交所,可转债
128073.SZ,哈尔转债,2020-12-17,111.682,111.55,111.91,109.5,109.997,-1.685,-1.508748052506223,118,0.258630136986,1.876712328767123,0.7272925625244325,1.3064,90.49295444,19.50404556,21.55310949973665,5.72,17.48251748251748,84.61538461538461,25.38161538461538,29.99645454545454,-142.8159,2.3484,-25.38161538461538,93.50494205765774,5,2019-08-22,0.4,深交所,可转债
128062.SZ,亚药转债,2020-12-17,68.33,68.33,68.498,66.7,67.226,-1.104,-1.615688570174155,260,0.356164383562,4.29041095890411,0.7437598548180764,14.7743,101.81434574,-34.58834574,-33.9719766292337,16.25,6.153846153846154,23.69230769230769,43.53369230769231,183.7461038961039,-14.4878,6.416,-43.53369230769231,23.27010748839851,6,2019-04-02,0.3,深交所,可转债
113582.SH,火炬转债,2020-12-17,219.33,219.35,220.63,210.0,215.6,-3.73,-1.700633748233256,205,0.224657534247,5.441095890410959,0.1855287569573284,-11.0385,90.12695292,125.47304708,139.2181173498393,25.33,3.947887879984208,214.6466640347414,0.9533359652585867,0.4441419900680523,43.4066,7.0884,-0.9533359652585867,238.1603472440366,6,2020-05-27,0.4,上交所,可转债
113520.SH,百合转债,2020-12-17,231.2,231.2,231.88,225.0,226.98,-4.22,-1.825259515570934,40,0.109589041096,0.05737704918032787,0.07242204671946427,-16.3438,99.78897917,127.19102083,127.4599879544995,14.28,7.002801120448179,227.5910364145658,-0.6110364145658262,-0.26848,26.2232,4.3289,0.6110364145658262,228.0723165098652,6,2018-11-08,0.5,上交所,可转债
113593.SH,沪工转债,2020-12-17,123.77,123.98,124.0,121.01,121.48,-2.29,-1.850206027308718,151,0.165479452055,5.589041095890411,0.3292723081988805,0.0181,75.47626617,46.00373383,60.95125814303381,21.32,4.690431519699812,120.6848030018762,0.7951969981238274,0.658904003109211,113.3792,6.6344,-0.7951969981238274,159.8976858898268,6,2020-07-20,0.4,上交所,可转债
110053.SH,苏银转债,2020-12-17,110.68,106.99,109.4,106.99,108.6,-2.08,-1.87929165160824,279,0.611506849315,2.841095890410959,0.7366482504604052,2.2754,95.82078601,12.77921399,13.33657812895246,7.28,13.73626373626374,76.78571428571429,31.81428571428571,41.43255813953488,5.1791,0.6983,-31.81428571428571,80.13471552790311,6,2019-03-13,0.2,上交所,可转债
128050.SZ,钧达转债,2020-12-17,130.199,130.0,130.388,126.3,127.698,-2.501,-1.920905690519897,8,0.026301369863,1.114754098360656,0.939717145139313,-1.0155,94.26434826,33.43365174,35.46797103798276,14.85,6.734006734006734,125.7912457912458,1.906754208754209,1.51580835117773,339.6063,2.6298,-1.906754208754209,133.4451975886878,6,2018-12-07,0.6,深交所,可转债
110055.SH,伊力转债,2020-12-17,166.23,165.5,172.0,160.1,162.95,-3.28,-1.973169704626121,278,0.533150684932,4.241095890410959,0.4295796256520405,-8.04,95.37127731,67.57872269,70.8585693681531,16.81,5.94883997620464,162.9387269482451,0.0112730517549078,0.006918583424607525,44.0993,4.4535,-0.0112730517549078,170.8467491932819,6,2019-03-14,0.5,上交所,可转债
128074.SZ,游族转债,2020-12-17,114.597,114.252,114.252,111.7,112.041,-2.556,-2.230424880232467,86,0.141369863014,4.767123287671233,0.5355182477842932,1.459,96.83778239,15.20321761,15.69967551381058,16.97,5.892751915144372,86.68238067177371,25.35861932822628,29.25464106050306,18.034,2.3803,-25.35861932822628,89.51297575431158,6,2019-09-23,0.4,深交所,可转债
128041.SZ,盛路转债,2020-12-17,239.6,240.0,242.999,232.7,233.79,-5.81,-2.424874791318865,154,0.421917808219,3.580821917808219,0.4277342914581462,-18.3726,84.93179263,148.85820737,175.26794473595,6.82,14.66275659824047,100.1466275659824,133.6433724340176,133.447701317716,26.1442,2.0789,-133.6433724340176,117.9141808560016,6,2018-07-17,0.5,深交所,可转债
123038.SZ,联得转债,2020-12-17,133.8,135.6,138.0,130.05,130.3,-3.5,-2.615844544095665,359,0.490410958904,5.021857923497268,0.3837298541826554,-1.8151,77.90994563,52.39005437,67.24437290561616,25.29,3.954132068011071,122.5780941083432,7.721905891656781,6.29958064516129,68.737,5.912,-7.721905891656781,157.3330505074096,6,2019-12-25,0.5,深交所,可转债
110072.SH,广汇转债,2020-12-17,90.17,89.72,89.8,86.0,87.71,-2.46,-2.728180104247532,122,0.066849315068,5.668493150684932,0.2280241705620796,4.89,90.2929374,-2.5829374,-2.860619528366346,4.03,24.81389578163772,76.42679900744417,11.28320099255583,14.76340909090909,14.2809,0.6329,-11.28320099255583,84.64316391532542,6,2020-08-18,0.2,上交所,可转债
113509.SH,新泉转债,2020-12-17,194.96,193.01,195.37,187.8,189.38,-5.58,-2.862125564218301,197,0.539726027397,0.6684931506849315,0.5280388636603655,-14.6884,98.39357986,90.98642014,92.47190748569233,14.22,7.032348804500703,189.873417721519,-0.4934177215189873,-0.2598666666666666,37.9806,4.0489,0.4934177215189873,192.9733809783949,6,2018-06-04,0.3,上交所,可转债
113035.SH,福莱转债,2020-12-17,250.19,240.0,240.0,224.0,238.83,-11.36,-4.540549182621208,205,0.224657534247,0.1256830601092896,0.1147144842522841,-12.0179,99.69174467,139.13825533,139.568482616666,13.48,7.41839762611276,241.1721068249258,-2.342106824925816,-0.9711350353737311,58.7114,11.9389,2.342106824925816,241.9178314345432,6,2020-05-27,0.4,上交所,可转债
113575.SH,东时转债,2020-12-17,131.36,130.22,132.13,118.03,118.35,-13.01,-9.904080389768575,253,0.277260273973,5.30958904109589,0.3379805661174483,-0.8012,89.31973631,29.03026369,32.50151074029744,14.56,6.868131868131868,118.6126373626374,-0.2626373626373626,-0.2214244354371743,94.0862,5.5677,0.2626373626373626,132.795552542801,6,2020-04-09,0.4,上交所,可转债
