代码,名称,交易日期,前收盘价,开盘价,最高价,最低价,收盘价,涨跌,涨跌幅(%),已计息天数,应计利息,剩余期限(年),当期收益率(%),纯债到期收益率(%),纯债价值,纯债溢价,纯债溢价率(%),转股价格,转股比例,转换价值,转股溢价,转股溢价率(%),转股市盈率,转股市净率,套利空间,平价/底价,期限(年),发行日期,票面利率/发行参考利率(%),交易市场,债券类型
123218.SZ,宏昌转债,2023-09-25,307.0,307.8,349.77,298.0,347.9,40.9,13.32247557003257,47,0.038630136986,5.874316939890711,0.0862316757688991,-16.6592,74.63014711,273.26985289,366.1655021089774,29.62,3.37609723160027,97.19783929777178,250.7021607022282,257.9297672803057,35.8797,2.2424,-250.7021607022282,130.2393778676444,6,2023-08-10,0.3,深交所,可转债
113578.SH,全筑转债,2023-09-25,103.964,106.95,114.0,106.77,112.118,8.154,7.843099534454234,159,0.653424657534,0.336986301369863,1.027167220484044,1.46,100.20795557,11.91004443,11.88532822793722,3.2,31.25,109.375,2.743,2.507885714285715,33.0405,-9.0065,-2.743,109.1480206115934,6,2020-04-20,0.4,上交所,可转债
128075.SZ,远东转债,2023-09-25,130.9,131.02,141.881,131.02,137.401,6.501,4.966386554621849,3,0.014794520548,0.126027397260274,0.1718077552350347,-9.8935,99.85491648,37.54608352,37.6006358460278,5.11,19.56947162426615,136.986301369863,0.4146986301369863,0.30273,51.0945,1.3203,-0.4146986301369863,137.185334682344,6,2019-09-20,0.3,深交所,可转债
128053.SZ,尚荣转债,2023-09-25,149.024,149.47,163.4,149.2,156.0,6.976,4.681125187889199,224,1.104657534247,1.389041095890411,1.153846153846154,-21.5208,107.58859219,48.41140781,44.99678527673837,4.88,20.49180327868853,83.40163934426229,72.59836065573771,87.04668304668304,148.8007,1.2445,-72.59836065573771,77.51903584441008,6,2019-02-14,0.4,深交所,可转债
111016.SH,神通转债,2023-09-25,149.27,148.82,160.95,148.091,155.661,6.391,4.281503316138541,63,0.034520547945,5.830601092896175,0.1284843345475103,-4.4366,84.37352555,71.28747445,84.49033507288354,11.6,8.620689655172415,98.96551724137932,56.69548275862069,57.28811846689896,237.922,3.2743,-56.69548275862069,117.2945145959701,6,2023-07-25,0.2,上交所,可转债
123012.SZ,万顺转债,2023-09-25,179.15,179.99,185.78,178.75,185.244,6.094,3.401618755233045,68,0.372602739726,0.8169398907103825,3.238971302714258,-52.3639,101.73941737,83.50458263,82.07692238526921,5.92,16.89189189189189,110.1351351351351,75.10886486486487,68.19700613496933,95.0869,1.0762,-75.10886486486487,108.2521779484957,6,2018-07-20,0.4,深交所,可转债
123206.SZ,开能转债,2023-09-25,137.2,137.61,143.066,136.914,141.0,3.8,2.769679300291545,68,0.055890410959,5.816939890710382,0.2127659574468085,-2.6264,74.99483441,66.00516559,88.01294930414394,5.67,17.63668430335097,100.5291005291005,40.47089947089947,40.2578947368421,30.5852,3.0036,-40.47089947089947,134.0480332011984,6,2023-07-20,0.3,深交所,可转债
127065.SZ,瑞鹄转债,2023-09-25,212.988,218.0,224.68,216.858,218.6,5.612,2.634890228557477,96,0.157808219178,4.740437158469946,0.2744739249771272,-11.9291,82.22894053,136.37105947,165.8431430479723,17.06,5.861664712778429,216.588511137163,2.011488862837046,0.9287144790257104,39.2665,5.4528,-2.011488862837046,263.3969375516201,6,2022-06-22,0.4,深交所,可转债
110044.SH,广电转债,2023-09-25,207.1,207.3,213.88,205.686,211.926,4.826,2.330275229357798,91,0.498630136986,0.7540983606557377,null,-65.0297,105.82616748,106.09983252,100.2585986495748,6.82,14.66275659824047,81.2316715542522,130.6943284457478,160.8908519855596,97.8862,1.0362,-130.6943284457478,76.75953262656337,6,2018-06-27,0.4,上交所,可转债
123018.SZ,溢利转债,2023-09-25,312.212,313.0,321.8,310.0,319.1,6.888,2.206193227678629,280,1.380821917808,1.235616438356164,0.5640864932623002,-57.5283,105.11152828,213.98847172,203.5823046449953,8.05,12.42236024844721,91.05590062111801,228.044099378882,250.444065484311,242.4913,1.3453,-228.044099378882,86.62789145122115,6,2018-12-20,0.4,深交所,可转债
123121.SZ,帝尔转债,2023-09-25,123.3,122.783,126.789,122.706,125.915,2.615,2.120843471208435,52,0.142465753425,3.860655737704918,0.7941865544216337,-1.2613,96.12928789,29.78571211,30.98505436145908,74.38,1.344447432105405,92.8609841355203,33.0540158644797,35.59515998262632,54.1307,7.1644,-33.0540158644797,96.60009573958398,6,2021-08-05,0.4,深交所,可转债
123200.SZ,海泰转债,2023-09-25,161.39,161.39,170.87,160.6,164.469,3.079,1.907800978994981,91,0.124657534247,5.754098360655738,0.3040086581665846,-4.8115,68.96308996,95.50591004,138.4884437391007,26.69,3.746721618583739,102.547770700637,61.92122929936306,60.38281366459627,36.1771,2.4956,-61.92122929936306,148.6995010811098,6,2023-06-27,0.5,深交所,可转债
118041.SH,星球转债,2023-09-25,134.705,134.504,138.1,134.504,137.256,2.551,1.893767863108274,57,0.031232876712,5.846994535519126,0.1457131200093257,-2.3228,74.01170143,63.24429857,85.45175607105348,33.12,3.019323671497585,99.7584541062802,37.49754589371981,37.58833898305085,23.3291,2.3838,-37.49754589371981,134.787408178464,6,2023-07-31,0.2,上交所,可转债
128091.SZ,新天转债,2023-09-25,162.0,161.9,165.15,161.005,164.998,2.998,1.850617283950617,270,1.405479452055,2.263013698630137,1.151529109443751,-14.2987,98.83732972,66.16067028,66.93894955218748,8.11,12.3304562268804,149.075215782984,15.92278421701603,10.68104052936311,30.2472,2.4695,-15.92278421701603,150.8288580896558,6,2019-12-30,0.6,深交所,可转债
127058.SZ,科伦转债,2023-09-25,178.6,178.699,183.0,178.51,181.599,2.999,1.679171332586786,192,0.210410958904,4.478142076502732,0.2202655300965314,-10.3179,96.98599418,84.61300582,87.24249984277472,16.04,6.234413965087282,179.5511221945137,2.047877805486285,1.140554166666667,15.1481,2.61,-2.047877805486285,185.1309807282874,6,2022-03-18,0.2,深交所,可转债
123025.SZ,精测转债,2023-09-25,194.2,194.2,198.88,191.606,197.383,3.183,1.63903192584964,181,0.991780821918,1.508196721311475,1.013258487306404,-30.7581,105.57676074,91.80623926,86.95686306012726,48.79,2.049600327936052,170.4652592744415,26.91774072555852,15.79074870746664,956.3982,7.3138,-26.91774072555852,161.4609674322553,6,2019-03-29,0.5,深交所,可转债
123192.SZ,科思转债,2023-09-25,152.018,152.114,154.754,151.5,154.117,2.099,1.380757541870042,166,0.136438356164,5.549180327868853,0.194657305813116,-4.4363,86.21094459,67.90605541,78.76732557907356,52.03,1.921968095329617,131.8085719777052,22.30842802229483,16.92486891221931,16.5633,5.4272,-22.30842802229483,152.8907641652197,6,2023-04-13,0.3,深交所,可转债
127090.SZ,兴瑞转债,2023-09-25,132.199,133.655,135.38,130.82,133.85,1.651,1.248874802381259,64,0.035068493151,5.827868852459017,0.1494209936496078,-2.0401,83.68773355,50.16226645,59.93980757052059,26.3,3.802281368821293,79.46768060836501,54.38231939163498,68.43325358851675,26.9012,4.671,-54.38231939163498,94.95738173012694,6,2023-07-24,0.2,深交所,可转债
128036.SZ,金农转债,2023-09-25,135.144,135.5,136.837,135.117,136.8,1.656,1.225359616409164,201,1.101369863014,0.453551912568306,4.385964912280702,-49.6406,100.73198996,36.06801004,35.80591434193087,6.8,14.70588235294118,99.26470588235294,37.53529411764706,37.81333333333333,-11.4383,2.9164,-37.53529411764706,98.5433782473376,6,2018-03-09,0.4,深交所,可转债
123013.SZ,横河转债,2023-09-25,410.08,410.081,421.388,408.591,415.088,5.008,1.221225126804526,62,0.424657534247,0.8333333333333334,2.409127703041283,-88.1995,103.49662921,311.59137079,301.0642695983509,8.88,11.26126126126126,132.0945945945946,282.9934054054054,214.2354168797954,67.2002,5.0306,-282.9934054054054,127.6317843420464,6,2018-07-26,0.5,深交所,可转债
110053.SH,苏银转债,2023-09-25,130.747,130.986,132.51,130.633,132.339,1.592,1.217618759895065,196,1.879452054795,0.0684931506849315,1.589724220835884,-334.4762,101.92086776,30.41813224,29.84485209802927,5.48,18.24817518248175,132.2992700729927,0.0397299270072993,0.03003034482758623,3.3943,0.6122,-0.0397299270072993,129.8058709473773,6,2019-03-13,0.2,上交所,可转债
127079.SZ,华亚转债,2023-09-25,129.294,129.052,131.093,129.052,130.8,1.506,1.164787229105759,284,0.311232876712,5.224657534246576,0.3058103975535168,-1.4788,78.99001791,51.80998209,65.59054354061736,55.69,1.795654516071108,95.81612497755432,34.98387502244568,36.51146926536732,42.3137,4.2481,-34.98387502244568,121.3015612766739,6,2022-12-16,0.4,深交所,可转债
123076.SZ,强力转债,2023-09-25,107.32,107.45,109.319,107.308,108.544,1.224,1.140514349608647,311,0.852054794521,3.15068493150685,0.9212853773584906,2.6069,98.64416096,9.89983904,10.03590982340492,18.9,5.291005291005291,56.40211640211641,52.1418835978836,92.44667917448405,-180.8635,3.2148,-52.1418835978836,57.17734922494535,6,2020-11-19,0.4,深交所,可转债
123150.SZ,九强转债,2023-09-25,132.5,132.524,135.15,132.432,134.003,1.503,1.134339622641509,88,0.120547945205,4.762295081967213,0.3731259747916091,-3.1635,86.86646807,47.13653193,54.26320763037788,17.55,5.698005698005698,113.5042735042735,20.49872649572649,18.05987198795181,24.2619,3.5579,-20.49872649572649,130.6652336927154,6,2022-06-30,0.3,深交所,可转债
111015.SH,东亚转债,2023-09-25,136.502,136.25,139.6,136.067,138.029,1.527,1.118664927986403,82,0.044931506849,5.778688524590164,0.144897086844069,-2.4409,84.64259607,53.38640393,63.07273926930252,24.95,4.008016032064129,113.9478957915832,24.08110420841683,21.13343475202251,29.5696,1.735,-24.08110420841683,134.62240181923,6,2023-07-06,0.2,上交所,可转债
123174.SZ,精锻转债,2023-09-25,135.1,135.4,138.214,135.399,136.601,1.501,1.111028867505552,223,0.183287671233,5.391780821917808,0.2196177187575494,-2.3695,87.05742964,49.54357036,56.90906630815157,12.97,7.710100231303007,111.7964533538936,24.8045466461064,22.18723931034483,27.263,2.0469,-24.8045466461064,128.4169011377828,6,2023-02-15,0.3,深交所,可转债
118012.SH,微芯转债,2023-09-25,123.613,123.363,124.931,123.363,124.916,1.303,1.054096252012329,83,0.136438356164,4.775956284153006,0.4803227769060809,-0.6612,82.00652095,42.90947905,52.32447194798355,25.36,3.943217665615142,91.5615141955836,33.35448580441641,36.42849956933678,30.6702,5.7662,-33.35448580441641,111.6515042156335,6,2022-07-05,0.4,上交所,可转债
127028.SZ,英特转债,2023-09-25,136.001,136.101,137.662,136.1,137.398,1.397,1.027198329424048,264,0.723287671233,3.279452054794521,0.7278126319160395,-6.0824,101.68246671,35.71553329,35.12457402500007,9.98,10.02004008016032,121.6432865731463,15.75471342685371,12.95156836902801,11.036,1.6291,-15.75471342685371,119.6305425202507,6,2021-01-05,0.3,深交所,可转债
113675.SH,新23转债,2023-09-25,130.847,130.773,132.268,130.121,132.188,1.341,1.024861097312128,46,0.037808219178,5.877049180327869,0.2269494961721185,-1.6162,84.48098346,47.70701654,56.47071635072559,51.35,1.947419668938656,94.04089581304771,38.14710418695229,40.56437771795403,31.3623,5.4269,-38.14710418695229,111.3160523960687,6,2023-08-11,0.3,上交所,可转债
123195.SZ,蓝晓转02,2023-09-25,132.286,132.057,133.763,131.857,133.638,1.352,1.022028030177041,162,0.177534246575,5.560109289617486,0.29931606279651,-1.7471,76.90649215,56.73150785,73.7668644922066,61.39,1.628929793125916,99.03893142205571,34.59906857794429,34.93481611842105,44.1628,10.6107,-34.59906857794429,128.7783757304756,6,2023-04-17,0.4,深交所,可转债
127039.SZ,北港转债,2023-09-25,123.994,123.747,125.99,123.747,125.217,1.223,0.9863380486152555,89,0.243835616438,3.759562841530055,0.7986136067786322,-2.9057,100.72767676,24.48932324,24.31240750082004,8.0,12.5,99.25,25.967,26.1632241813602,11.6282,1.0781,-25.967,98.53299827065325,6,2021-06-29,0.2,深交所,可转债
113563.SH,柳药转债,2023-09-25,123.723,123.476,125.44,122.97,124.872,1.149,0.9286874712058388,253,1.039726027397,2.309589041095891,1.201230059581011,-4.9464,103.70934533,21.16265467,20.40573547413791,22.89,4.36871996505024,93.53429445172564,31.33770554827436,33.50397384399813,8.7536,1.2492,-31.33770554827436,90.18887753471238,6,2020-01-16,0.3,上交所,可转债
118019.SH,金盘转债,2023-09-25,129.592,129.53,131.476,129.24,130.79,1.198,0.9244397802333477,10,0.013698630137,4.975409836065574,0.3822922241761603,-2.63,95.46874565,35.32125435,36.99771491655709,34.45,2.902757619738752,96.89404934687954,33.89595065312047,34.98248951467945,37.2994,5.0788,-33.89595065312047,101.4929532038735,6,2022-09-16,0.3,上交所,可转债
118004.SH,博瑞转债,2023-09-25,112.518,112.5,115.778,112.417,113.542,1.024,0.9100766099646279,265,0.435616438356,4.276712328767124,0.528438815592468,1.4515,94.00130039,19.54069961,20.78769073292391,34.94,2.862049227246708,75.2146536920435,38.3273463079565,50.95728614916286,50.7235,4.9999,-38.3273463079565,80.01448211885051,6,2022-01-04,0.4,上交所,可转债
128133.SZ,奇正转债,2023-09-25,128.75,129.3,130.051,128.502,129.901,1.151,0.8939805825242718,4,0.016438356164,2.991803278688525,1.154725521743482,-3.9593,104.57381856,25.32718144,24.21942871433766,22.87,4.372540445999126,112.0682116309576,17.83278836904242,15.91244127975029,21.7583,4.1063,-17.83278836904242,107.1666055367937,6,2020-09-22,0.4,深交所,可转债
123147.SZ,中辰转债,2023-09-25,126.802,126.972,128.141,126.625,127.88,1.078,0.8501443194902288,118,0.161643835616,4.680327868852459,0.390991554582421,-1.4079,90.71374739,37.16625261,40.97091530152914,7.78,12.853470437018,104.241645244216,23.63835475578406,22.67649815043157,51.9141,2.562,-23.63835475578406,114.9127318002378,6,2022-05-31,0.3,深交所,可转债
127012.SZ,招路转债,2023-09-25,126.7,126.66,127.799,126.499,127.7,1.0,0.7892659826361483,188,0.772602739726,1.489071038251366,1.174628034455756,-11.5745,102.46258403,25.23741597,24.63086033689209,7.87,12.70648030495553,125.6670902160102,2.032909783989835,1.617694641051567,10.8816,1.1187,-2.032909783989835,122.6468094726326,6,2019-03-21,0.1,深交所,可转债
128071.SZ,合兴转债,2023-09-25,115.415,115.184,116.438,115.184,116.31,0.895,0.7754624615517913,41,0.202191780822,1.890710382513661,1.547588341501161,-2.0874,105.70192652,10.60807348,10.03583740547324,3.92,25.51020408163265,86.4795918367347,29.83040816326531,34.4941592920354,26.2744,1.2405,-29.83040816326531,81.81458435421399,6,2019-08-15,0.3,深交所,可转债
118033.SH,华特转债,2023-09-25,122.807,122.807,124.1,122.12,123.743,0.936,0.7621715374530768,189,0.155342465753,5.486338797814208,0.2424379560864049,-0.522,86.55163342,37.19136658,42.97014985208352,83.75,1.194029850746269,81.07462686567165,42.66837313432836,52.62851620029455,54.8174,5.013,-42.66837313432836,93.67197782651812,6,2023-03-21,0.3,上交所,可转债
118028.SH,会通转债,2023-09-25,123.129,123.024,124.499,123.024,124.063,0.934,0.7585540368231692,294,0.241643835616,5.197260273972603,0.2418126274554057,-0.6018,88.135486,35.927514,40.76395970630944,9.31,10.74113856068743,111.4930182599356,12.56998174006445,11.27423217726397,36.5919,2.7929,-12.56998174006445,126.5018476892901,6,2022-12-06,0.3,上交所,可转债
111011.SH,冠盛转债,2023-09-25,134.848,134.3,136.444,134.3,135.864,1.016,0.7534409112482202,266,0.218630136986,5.273972602739726,0.2208090443384561,-2.3643,87.43560387,48.42839613,55.38750118544815,17.61,5.678591709256105,123.0550823395798,12.80891766042022,10.40909275496078,12.9974,2.0287,-12.80891766042022,140.7379567281758,6,2023-01-03,0.3,上交所,可转债
110088.SH,淮22转债,2023-09-25,121.815,121.701,122.96,121.701,122.719,0.904,0.7421089356811559,12,0.016438356164,4.969945355191257,0.407434871535785,-2.0703,95.34893984,27.37006016,28.70515414846588,14.12,7.08215297450425,98.30028328611898,24.41871671388102,24.84094236311239,4.7988,0.9901,-24.41871671388102,103.0953080874014,6,2022-09-14,0.2,上交所,可转债
113524.SH,奇精转债,2023-09-25,124.218,124.4,125.41,123.9,125.13,0.912,0.7341931121093561,286,1.410410958904,1.219178082191781,1.438503955885879,-6.906,108.01931295,17.11068705,15.84039611316561,13.53,7.390983000739098,100,25.13,25.13,30.4915,2.47,-25.13,92.57603781120883,6,2018-12-14,0.4,上交所,可转债
113634.SH,珀莱转债,2023-09-25,135.886,136.0,137.676,135.506,136.875,0.989,0.7278159633810695,292,0.4,4.202739726027398,0.365296803652968,-3.1793,103.21504741,33.65995259,32.61147810773456,98.62,1.013993104846887,105.6175218008518,31.25747819914825,29.59497407834101,41.375,10.936,-31.25747819914825,102.3276396718673,6,2021-12-08,0.3,上交所,可转债
118009.SH,华锐转债,2023-09-25,130.594,130.921,131.876,129.884,131.533,0.939,0.7190223134294071,94,0.128767123288,4.745901639344262,0.3801327423536299,-2.1636,80.60101609,50.93198391,63.19025042206512,92.65,1.079330814894765,100.9821910415542,30.55080895844576,30.2536602180419,46.2134,5.5793,-30.55080895844576,125.286498781599,6,2022-06-24,0.3,上交所,可转债
123201.SZ,纽泰转债,2023-09-25,182.688,182.8,187.405,182.7,183.998,1.31,0.7170695393238746,91,0.124657534247,5.754098360655738,0.2717420841530887,-7.0857,67.32476153,116.67323847,173.2991485131518,29.88,3.346720214190094,119.2101740294511,64.78782597054887,54.34756428972487,45.8286,3.5405,-64.78782597054887,177.0673542992513,6,2023-06-27,0.5,深交所,可转债
113660.SH,寿22转债,2023-09-25,136.187,136.287,138.001,136.0,137.133,0.946,0.6946331147613208,313,0.428767123288,5.145205479452055,0.3646095396439952,-2.9737,86.70292475,50.43007525,58.16421463913765,37.65,2.656042496679947,113.0942895086321,24.03871049136786,21.25545913574448,47.6189,4.4303,-24.03871049136786,130.4388402521936,6,2022-11-17,0.5,上交所,可转债
113535.SH,大业转债,2023-09-25,120.726,120.85,121.806,120.43,121.558,0.832,0.6891638917880158,140,0.767123287671,0.3095890410958904,1.132833034705984,-15.3305,99.82811676,21.72988324,21.76729757633465,9.59,10.42752867570386,111.2617309697602,10.29626903023983,9.254097469540769,19.9894,1.8296,-10.29626903023983,111.4533005137702,5,2019-05-09,0.4,上交所,可转债
123187.SZ,超达转债,2023-09-25,181.418,183.183,188.768,181.602,182.666,1.248,0.6879140989317488,175,0.191780821918,5.524590163934426,0.2189789013828518,-7.2954,68.67384796,113.99215204,165.9906287854967,32.6,3.067484662576687,124.4171779141104,58.24882208588957,46.81734714003945,30.9461,2.4685,-58.24882208588957,181.1711176961846,6,2023-04-04,0.4,深交所,可转债
123183.SZ,海顺转债,2023-09-25,117.611,117.936,121.0,107.5,118.4,0.789,0.6708556172466861,187,0.153698630137,5.491803278688525,0.2533783783783784,0.2955,86.52264797,31.87735203,36.84278368485999,18.15,5.509641873278237,78.34710743801652,40.05289256198347,51.12236286919831,32.0611,1.6884,-40.05289256198347,90.55098205637653,6,2023-03-23,0.3,深交所,可转债
113676.SH,荣23转债,2023-09-25,129.113,129.0,130.55,127.121,129.934,0.821,0.6358770999047346,39,0.021369863014,5.896174863387978,0.1539243000292456,-1.4007,83.88255283,46.05144717,54.89991138363403,15.74,6.353240152477763,99.80940279542567,30.12459720457433,30.18212348822406,13.881,2.1627,-30.12459720457433,118.9870830441984,6,2023-08-18,0.2,上交所,可转债
110077.SH,洪城转债,2023-09-25,156.131,156.199,157.4,155.4,157.107,0.976,0.6251160884129353,310,0.509589041096,3.153424657534246,0.3819053256697665,-10.0664,102.60319852,54.50380148,53.12095750053621,5.78,17.30103806228374,152.076124567474,5.030875432525952,3.308129692832765,8.217,1.3812,-5.030875432525952,148.2177229960628,6,2020-11-20,0.2,上交所,可转债
123205.SZ,大叶转债,2023-09-25,164.001,163.701,166.49,162.5,165.0,0.999,0.6091426271791026,71,0.038904109589,5.808743169398907,0.1212121212121212,-5.5902,73.45172674,91.54827326,124.6373330120027,20.01,4.997501249375312,82.40879560219891,82.59120439780109,100.221346270467,104.0048,2.6873,-82.59120439780109,112.1944973382377,6,2023-07-17,0.2,深交所,可转债
113591.SH,胜达转债,2023-09-25,127.853,127.936,128.708,127.599,128.6,0.747,0.5842647415391113,87,0.357534246575,0.2547945205479452,0.5720190033873751,-2.5125,99.31692429,29.28307571,29.48447701068049,8.68,11.52073732718894,113.4792626728111,15.12073732718894,13.32467005076142,60.0906,2.4481,-15.12073732718894,114.25974322509,6,2020-07-01,0.5,上交所,可转债
123112.SZ,万讯转债,2023-09-25,143.799,146.28,148.0,144.513,144.6,0.801,0.5570275175766174,171,0.468493150685,3.53551912568306,0.6915629322268326,-4.4948,101.04617021,43.55382979,43.10290008961637,8.46,11.82033096926714,127.0685579196218,17.53144208037825,13.79683720930233,40.8447,2.7543,-17.53144208037825,125.7529678319728,6,2021-04-08,0.4,深交所,可转债
123101.SZ,拓斯转债,2023-09-25,114.79,115.5,116.28,114.901,115.39,0.6,0.5226936144263438,200,0.547945205479,3.456284153005464,0.8666262241095416,-0.2797,101.7287554,13.6612446,13.42908850725996,26.16,3.82262996941896,60.55045871559633,54.83954128440367,90.56833333333333,39.879,2.8916,-54.83954128440367,59.52147795135252,6,2021-03-10,0.3,深交所,可转债
110085.SH,通22转债,2023-09-25,115.498,115.261,116.168,115.26,116.1,0.602,0.5212211466865228,214,0.234520547945,4.416438356164384,0.3445305770887167,-0.5603,98.13322614,17.96677386,18.3085531442409,35.5,2.816901408450704,87.26760563380282,28.83239436619718,33.0390574564235,5.255,2.3566,-28.83239436619718,88.92768440049454,6,2022-02-24,0.2,上交所,可转债
123119.SZ,康泰转2,2023-09-25,120.9,120.9,121.543,120.505,121.53,0.63,0.5210918114143921,73,0.2,3.80327868852459,0.8228420966016622,-1.1702,101.98744899,19.54255101,19.16172156822569,33.66,2.9708853238265,85.47237076648841,36.05762923351158,42.18629822732012,31.4769,3.6184,-36.05762923351158,83.80675427509622,6,2021-07-15,0.3,深交所,可转债
118027.SH,宏图转债,2023-09-25,123.186,123.2,123.941,122.3,123.813,0.627,0.5089864107934343,302,0.33095890411,5.175342465753425,0.3230678523256847,-0.4363,71.26459321,52.54840679,73.7370472811824,62.98,1.587805652588123,78.81867259447444,44.99432740552557,57.08587308622079,596.2353,4.9185,-44.99432740552557,110.6000456106083,6,2022-11-28,0.4,上交所,可转债
113044.SH,大秦转债,2023-09-25,117.386,117.498,118.22,117.369,117.983,0.597,0.5085785357708755,286,0.783561643836,3.219178082191781,0.8475797360636702,-1.2542,103.6302847,14.3527153,13.84992364109562,6.22,16.07717041800643,118.1672025723473,-0.1842025723472669,-0.1558829931972789,7.3946,0.8737,0.1842025723472669,114.0276733914514,6,2020-12-11,0.2,上交所,可转债
113662.SH,豪能转债,2023-09-25,116.539,116.547,117.734,116.539,117.106,0.567,0.4865324054608329,305,0.250684931507,5.167123287671233,0.256178163373354,0.1499,86.57075816,30.53524184,35.27200464568509,12.61,7.930214115781126,79.77795400475813,37.32804599524187,46.78992644135189,22.1689,1.9335,-37.32804599524187,92.15346578958288,6,2022-11-25,0.3,上交所,可转债
110052.SH,贵广转债,2023-09-25,147.86,147.8,150.128,147.31,148.545,0.685,0.4632760719599621,205,1.123287671233,1.442622950819672,1.346393348816857,-16.4234,110.65192264,37.89307736,34.24529502599161,7.94,12.59445843828715,142.6952141057934,5.84978589420655,4.099496910856134,-44.421,2.657,-5.84978589420655,128.9586395801224,6,2019-03-04,0.5,上交所,可转债
127054.SZ,双箭转债,2023-09-25,125.45,124.961,126.795,124.56,126.021,0.571,0.4551614188919889,227,0.31095890411,4.380821917808219,0.3967592702803501,-1.7521,99.78472192,26.23627808,26.29288088915486,7.51,13.31557922769641,99.6005326231691,26.42046737683089,26.52643181818182,15.1292,1.5701,-26.42046737683089,99.81541332852683,6,2022-02-11,0.3,深交所,可转债
123211.SZ,阳谷转债,2023-09-25,124.95,124.786,125.888,124.0,125.5,0.55,0.4401760704281713,61,0.050136986301,5.836065573770492,0.2390438247011952,-0.7343,84.69774322,40.80225678,48.17395981144065,9.91,10.09081735620585,98.99091826437942,26.50908173562059,26.77930682976555,9.4823,1.3603,-26.50908173562059,116.8755087219423,6,2023-07-27,0.3,深交所,可转债
123138.SZ,丝路转债,2023-09-25,130.1,130.542,131.973,130.238,130.666,0.566,0.4350499615680246,208,0.398904109589,4.434426229508197,0.5357170189643825,-1.7204,84.77926818,45.88673182,54.12494446469519,26.56,3.765060240963856,88.29066265060241,42.37533734939759,47.99526481876332,-644.0587,3.2099,-42.37533734939759,104.1418079513817,6,2022-03-02,0.5,深交所,可转债
128141.SZ,旺能转债,2023-09-25,122.7,122.72,123.3,122.251,123.22,0.52,0.423797881010595,283,0.775342465753,3.227397260273972,0.8115565654926148,-2.3494,102.77839369,20.44160631,19.88901127571223,15.17,6.591957811470007,103.3618984838497,19.8581015161503,19.21220663265306,9.5918,1.1067,-19.8581015161503,100.5677309917974,6,2020-12-17,0.3,深交所,可转债
123090.SZ,三诺转债,2023-09-25,118.004,118.179,119.771,118.004,118.487,0.483,0.4093081590454561,279,0.764383561644,3.238356164383561,0.843974444453822,-0.5857,104.53398544,13.95301456,13.34782606945441,34.81,2.872737719046251,74.719908072393,43.76709192760701,58.5748738946559,41.8449,5.0597,-43.76709192760701,71.47905799045654,6,2020-12-21,0.3,深交所,可转债
123169.SZ,正海转债,2023-09-25,119.5,119.7,119.98,119.098,119.98,0.48,0.401673640167364,307,0.168219178082,5.161643835616438,0.1666944490748458,-0.5774,85.44074557,34.53925443,40.42480458191067,13.03,7.674597083653108,89.6392939370683,30.34070606293169,33.84755136986301,19.8713,2.8571,-30.34070606293169,104.9139884478519,6,2022-11-23,0.2,深交所,可转债
110045.SH,海澜转债,2023-09-25,126.597,126.902,128.494,126.412,127.105,0.508,0.4012733319114987,75,0.369863013699,0.7978142076502732,null,-18.84,105.74267541,21.36232459,20.20217902296406,6.1,16.39344262295082,126.8852459016394,0.2197540983606557,0.1731912144702842,9.9561,2.4069,-0.2197540983606557,119.9943593347364,6,2018-07-13,0.3,上交所,可转债
128095.SZ,恩捷转债,2023-09-25,128.089,127.853,128.8,127.335,128.59,0.501,0.3911342894393742,227,0.932876712329,2.380821917808219,1.166498172486197,-5.2656,105.26649048,23.32350952,22.1566325747616,66.26,1.509206157561123,92.0766676728041,36.5133323271959,39.65535813801017,21.2338,2.2477,-36.5133323271959,87.47006502539203,6,2020-02-11,0.4,深交所,可转债
128042.SZ,凯中转债,2023-09-25,121.331,121.47,122.053,121.05,121.798,0.467,0.3848975117653362,58,0.317808219178,0.8442622950819673,9.85237852838306,-9.5284,107.35086052,14.44713948,13.45787021177015,10.05,9.950248756218906,104.1791044776119,17.61889552238806,16.91212034383954,250.8819,2.3199,-17.61889552238806,97.04543025829109,6,2018-07-27,0.4,深交所,可转债
123160.SZ,泰福转债,2023-09-25,122.613,122.87,123.594,122.402,123.08,0.467,0.3808731537438934,363,0.497260273973,5.008219178082192,0.4062398440038999,-0.2639,72.89829472,50.18170528,68.83796866956396,19.82,5.045408678102926,103.9858728557013,19.09412714429869,18.36223192624939,36.5448,2.4819,-19.09412714429869,142.6451376607748,6,2022-09-28,0.5,深交所,可转债
113537.SH,文灿转债,2023-09-25,266.938,268.0,273.377,265.001,267.954,1.016,0.3806127265507346,108,0.739726027397,1.707650273224044,0.9329959619934765,-38.5891,107.57990663,160.37409337,149.0743935311036,18.98,5.268703898840885,225.9747102212856,41.97928977871444,18.57698577757053,407.0621,3.6035,-41.97928977871444,210.0528967723325,6,2019-06-06,0.5,上交所,可转债
123199.SZ,山河转债,2023-09-25,123.249,123.715,124.345,123.02,123.7,0.451,0.3659258898652322,106,0.058082191781,5.713114754098361,0.1616814874696847,-1.5665,70.67618503,53.02381497,75.02359521455908,18.25,5.47945205479452,82.84931506849315,40.85068493150685,49.30720899470899,20.0672,4.7091,-40.85068493150685,117.2238074725256,6,2023-06-12,0.2,深交所,可转债
118003.SH,华兴转债,2023-09-25,131.438,131.4,132.5,130.849,131.918,0.48,0.3651911928057335,301,0.412328767123,4.178082191780822,0.3790233326763596,-3.3362,99.00880938,32.90919062,33.23864899101366,30.46,3.282994090610637,101.2475377544321,30.67046224556796,30.29255123216602,52.2343,3.579,-30.67046224556796,102.2611405878438,6,2021-11-29,0.3,上交所,可转债
110079.SH,杭银转债,2023-09-25,115.9,115.9,116.347,115.301,116.32,0.42,0.362381363244176,181,0.396712328767,3.508196721311475,0.687757909215956,-1.1423,101.1253515,15.1946485,15.0255581559091,12.24,8.169934640522875,91.7483660130719,24.57163398692811,26.78154942119323,3.9992,0.7665,-24.57163398692811,90.72736425847864,6,2021-03-26,0.2,上交所,可转债
113021.SH,中信转债,2023-09-25,116.274,116.35,116.851,116.15,116.693,0.419,0.3603557115090218,206,1.80602739726,1.439890710382514,2.742238180524967,-1.5177,110.07645284,6.61654716,6.010865166247121,6.1,16.39344262295082,95.24590163934427,21.44709836065574,22.51760757314974,3.944,0.4971,-21.44709836065574,86.52704477840282,6,2019-03-01,0.3,上交所,可转债
123127.SZ,耐普转债,2023-09-25,136.459,136.677,137.394,136.5,136.95,0.491,0.3598150360181446,332,0.545753424658,4.093150684931507,0.4381161007667032,-4.1092,83.55664859,53.39335141,63.90078145904727,24.4,4.098360655737705,119.5901639344262,17.35983606557377,14.51610692254969,28.7265,2.5552,-17.35983606557377,143.1246536960061,6,2021-10-29,0.4,深交所,可转债
123170.SZ,南电转债,2023-09-25,127.376,127.499,128.225,127.001,127.83,0.454,0.3564250722271071,306,0.251506849315,5.164383561643835,0.2346866932644919,-0.7081,90.46510759,37.36489241,41.30309840490403,33.93,2.947244326554671,88.82994400235779,39.00005599764221,43.90417717319177,53.8216,7.3301,-39.00005599764221,98.19249251871453,6,2022-11-24,0.3,深交所,可转债
127078.SZ,优彩转债,2023-09-25,119.4,119.637,120.038,119.114,119.823,0.423,0.3542713567839196,286,0.313424657534,5.219178082191781,0.3338257262795957,0.2727,79.26250759,40.56049241,51.1723558126708,7.35,13.60544217687075,104.2176870748299,15.60531292517007,14.97376631853786,18.364,1.5463,-15.60531292517007,131.4842164897372,6,2022-12-14,0.4,深交所,可转债
123118.SZ,惠城转债,2023-09-25,325.0,324.6,335.6,324.201,326.136,1.136,0.3495384615384615,81,0.266301369863,3.781420765027323,0.3679446611229671,-23.4879,89.28622342,236.84977658,265.2702371180658,15.93,6.277463904582548,322.7871939736347,3.348806026365348,1.037465577596266,40.6458,7.8149,-3.348806026365348,361.5195957558339,6,2021-07-07,0.5,深交所,可转债
113067.SH,燃23转债,2023-09-25,122.881,122.78,123.59,122.48,123.3,0.419,0.3409802980118977,61,0.033424657534,5.836065573770492,0.16220600162206,-1.748,93.19551111,30.10448889,32.30250956450814,7.72,12.95336787564767,90.02590673575129,33.27409326424871,36.96057553956835,15.3898,1.4893,-33.27409326424871,96.59897313025348,6,2023-07-27,0.2,上交所,可转债
123171.SZ,共同转债,2023-09-25,114.651,114.6,115.339,114.422,115.041,0.39,0.3401627547949865,302,0.33095890411,5.175342465753425,0.3477021235907198,1.069,79.47109584,35.56990416,44.75829077733276,27.14,3.684598378776713,82.94030950626382,32.10069049373618,38.7033647267881,74.2585,3.0516,-32.10069049373618,104.3653779145671,6,2022-11-28,0.4,深交所,可转债
123099.SZ,普利转债,2023-09-25,129.014,129.198,130.9,128.6,129.439,0.425,0.3294216131582619,229,0.627397260274,3.375342465753425,0.7725646829780823,-1.6503,101.34673706,28.09226294,27.71896141399069,19.77,5.058168942842691,111.3302984319676,18.10870156803237,16.26574420717856,17.789,3.3184,-18.10870156803237,109.8508957087164,6,2021-02-09,0.4,深交所,可转债
113601.SH,塞力转债,2023-09-25,105.686,105.9,106.32,105.732,106.026,0.34,0.3217077001684234,36,0.147945205479,2.904371584699454,1.414747326127554,4.1237,89.48574832,16.54025168,18.48367141195741,16.98,5.889281507656066,67.02002355712602,39.00597644287397,58.20048154657294,751.333,1.7621,-39.00597644287397,74.8946338555087,6,2020-08-21,0.5,上交所,可转债
113062.SH,常银转债,2023-09-25,117.304,117.355,118.178,117.0,117.68,0.376,0.3205346791243265,11,0.012054794521,4.972677595628415,0.3399048266485384,-1.2921,94.92085182,22.75914818,23.976974230234,7.83,12.77139208173691,94.89144316730524,22.78855683269476,24.01539703903096,7.0201,0.8927,-22.78855683269476,99.96901771093403,6,2022-09-15,0.2,上交所,可转债
113050.SH,南银转债,2023-09-25,112.442,112.51,113.099,112.346,112.801,0.359,0.3192757154799808,103,0.197534246575,3.721311475409836,0.6205618744514676,-0.5361,99.32000337,13.48099663,13.5732945756947,9.11,10.97694840834248,89.13282107574095,23.66817892425906,26.55383128078818,3.9304,0.6417,-23.66817892425906,89.74307093374895,6,2021-06-11,0.2,上交所,可转债
127084.SZ,柳工转2,2023-09-25,125.502,125.38,126.676,125.224,125.9,0.398,0.3171264202960909,183,0.100273972603,5.502732240437158,0.158856235107228,-1.2834,99.28924989,26.61075011,26.80123995244335,7.77,12.87001287001287,92.92149292149293,32.97850707850708,35.49072022160665,11.473,0.8708,-32.97850707850708,93.58666021189428,6,2023-03-27,0.2,深交所,可转债
113606.SH,荣泰转债,2023-09-25,113.58,113.58,114.075,112.662,113.939,0.359,0.3160767740799437,331,0.906849315068,3.095890410958904,0.8776626089398714,1.7288,101.15551335,12.78348665,12.63745912273599,31.66,3.158559696778269,73.21541377132027,40.72358622867972,55.6216022433132,15.3521,1.7314,-40.72358622867972,72.37906402391884,6,2020-10-30,0.5,上交所,可转债
123141.SZ,宏丰转债,2023-09-25,128.647,128.64,129.052,127.779,129.037,0.39,0.3031551454756038,195,0.37397260274,4.469945355191257,0.5424800638576532,-1.4235,77.04368022,51.99331978,67.48550904049739,5.37,18.6219739292365,117.877094972067,11.15990502793296,9.467407582938389,24.2558,3.142,-11.15990502793296,153.0003429683866,6,2022-03-15,0.5,深交所,可转债
123220.SZ,易瑞转债,2023-09-25,126.314,126.48,127.097,126.01,126.696,0.382,0.302420950963472,39,0.021369863014,5.896174863387978,0.1578581802108985,-0.9996,73.32134657,53.37465343,72.79551716776388,12.87,7.77000777000777,99.53379953379954,27.16220046620047,27.28942388758782,-36.8724,5.7223,-27.16220046620047,135.7500976046239,6,2023-08-18,0.2,深交所,可转债
127072.SZ,博实转债,2023-09-25,137.02,137.5,138.282,136.35,137.42,0.4,0.2919281856663261,4,0.005479452055,4.991803278688525,0.3638480570513754,-3.2562,97.06618736,40.35381264,41.57350127530548,15.56,6.426735218508997,102.0565552699229,35.36344473007712,34.65083123425693,24.2024,5.0337,-35.36344473007712,105.1412011181757,6,2022-09-22,0.3,深交所,可转债
113618.SH,美诺转债,2023-09-25,110.629,110.699,111.009,110.546,110.934,0.305,0.2756962460114437,255,0.698630136986,3.304109589041096,0.9014368904033029,0.9282,95.04579183,15.88820817,16.71637203929852,26.35,3.795066413662239,64.44022770398482,46.49377229601518,72.1502296819788,58.7214,1.7878,-46.49377229601518,67.79913814516202,6,2021-01-14,0.4,上交所,可转债
110061.SH,川投转债,2023-09-25,179.741,180.139,181.0,179.351,180.232,0.491,0.273170840264603,319,1.31095890411,0.3534246575342466,0.832260641839407,-21.2633,100.94203793,79.28996207,78.54999135740155,8.4,11.90476190476191,177.8571428571429,2.374857142857143,1.335261044176707,15.8843,1.9865,-2.374857142857143,176.197297483216,6,2019-11-08,0.2,上交所,可转债
127027.SZ,能化转债,2023-09-25,125.5,125.308,126.17,125.1,125.833,0.333,0.2653386454183267,290,0.794520547945,3.208219178082192,0.7947040919313694,-3.0131,103.78270156,22.05029844,21.24660286208876,3.17,31.54574132492114,105.3627760252366,20.47022397476341,19.42832634730539,6.0157,1.1412,-20.47022397476341,101.5224834596574,6,2020-12-10,0.4,深交所,可转债
123204.SZ,金丹转债,2023-09-25,121.813,121.635,122.311,121.116,122.136,0.323,0.2651605329480433,75,0.041095890411,5.797814207650274,0.1637518831466562,-0.3228,84.54336516,37.59263484,44.46550568321381,20.94,4.775549188156638,100.6208213944604,21.51517860553964,21.38243189368771,36.4255,2.4413,-21.51517860553964,119.0168160494126,6,2023-07-13,0.2,深交所,可转债
127044.SZ,蒙娜转债,2023-09-25,110.05,110.105,110.494,109.656,110.339,0.289,0.2626079054975011,41,0.112328767123,3.890710382513661,0.9062978638559349,1.3859,92.98042365,17.35857635,18.66906566842686,26.57,3.763643206624012,64.58411742566804,45.75488257433195,70.84540967365967,21.6598,2.2527,-45.75488257433195,69.45990875324222,6,2021-08-16,0.3,深交所,可转债
113549.SH,白电转债,2023-09-25,121.225,121.225,122.124,121.188,121.543,0.318,0.2623221282738709,315,1.294520547945,2.139726027397261,1.234131130546391,-3.2913,106.26298818,15.28001182,14.37942982943132,9.0,11.11111111111111,94.88888888888889,26.65411111111111,28.08981264637002,33.0373,1.3663,-26.65411111111111,89.29627381469416,6,2019-11-15,0.3,上交所,可转债
110083.SH,苏租转债,2023-09-25,146.323,146.492,147.777,145.502,146.7,0.377,0.2576491734040445,319,0.349589041096,4.128767123287672,0.27266530334015,-6.7598,97.67884838,49.02115162,50.18604583593474,3.37,29.67359050445104,139.1691394658754,7.53086053412463,5.411300639658848,7.5498,1.2337,-7.53086053412463,142.476228757802,6,2021-11-11,0.2,上交所,可转债
113589.SH,天创转债,2023-09-25,99.755,99.705,100.387,99.579,100.002,0.247,0.2476066362588341,94,0.386301369863,2.745901639344262,1.499970000599988,4.7291,91.71463168,8.28736832,9.036037291100202,12.29,8.136696501220504,37.51017087062652,62.49182912937347,166.5996919739696,-73.6038,1.5819,-62.49182912937347,40.89878592273329,6,2020-06-24,0.4,上交所,可转债
113652.SH,伟22转债,2023-09-25,105.762,105.815,106.292,105.815,105.997,0.235,0.2221970083773,66,0.072328767123,4.8224043715847,0.3773691708255894,1.6398,95.85529073,10.14170927,10.5802290022432,32.56,3.071253071253072,53.37837837837838,52.61862162162162,98.5766582278481,14.4384,2.9766,-52.61862162162162,55.68641852929298,6,2022-07-22,0.2,上交所,可转债
113640.SH,苏利转债,2023-09-25,110.704,110.704,111.3,110.3,110.944,0.24,0.2167943344413933,222,0.364931506849,4.394520547945206,0.5408133833285261,1.8587,92.83882161,18.10517839,19.50173222367767,19.16,5.219206680584551,78.18371607515658,32.76028392484342,41.90167156208278,33.5028,1.1297,-32.76028392484342,84.21446407796189,6,2022-02-16,0.4,上交所,可转债
123151.SZ,康医转债,2023-09-25,112.1,112.098,112.344,111.896,112.336,0.236,0.2105263157894737,87,0.166849315068,4.765027322404372,0.6231306081754736,1.6432,82.17536999,30.16063001,36.70276144016179,28.1,3.558718861209965,77.36654804270462,34.96945195729538,45.19970561177553,23.8815,4.296,-34.96945195729538,94.14809821010776,6,2022-07-01,0.4,深交所,可转债
128025.SZ,特一转债,2023-09-25,178.146,178.4,181.5,176.752,178.52,0.374,0.2099401614406161,294,1.449863013699,0.1972602739726027,3.360967958772126,-205.9355,104.97154126,73.54845874,70.0651413299064,8.93,11.19820828667413,169.3169092945129,9.203090705487122,5.43542328042328,15.9543,3.4479,-9.203090705487122,161.2979168088409,6,2017-12-06,0.3,深交所,可转债
127015.SZ,希望转债,2023-09-25,106.79,106.769,107.037,106.5,107.01,0.22,0.2060117988575709,266,0.874520547945,2.273972602739726,1.12139052425007,0.7443,102.33466565,4.67533435,4.568671153908245,19.64,5.091649694501018,56.92464358452138,50.08535641547861,87.98536672629696,-8.5196,2.3025,-50.08535641547861,55.62596332626156,6,2020-01-03,0.2,深交所,可转债
113037.SH,紫银转债,2023-09-25,105.404,105.352,105.66,105.201,105.619,0.215,0.2039770786687412,65,0.320547945205,2.825136612021858,1.704238820666736,2.725,104.74034878,0.87865122,0.8388851385682774,3.85,25.97402597402597,70.64935064935065,34.96964935064935,49.49748161764706,5.7151,0.5716,-34.96964935064935,67.45189554194135,6,2020-07-23,0.2,上交所,可转债
113065.SH,齐鲁转债,2023-09-25,102.713,102.6,102.948,102.508,102.919,0.206,0.2005588387059087,301,0.164931506849,5.178082191780822,0.1943275779982316,2.1398,97.95579689,4.96320311,5.066778350620185,5.49,18.21493624772313,77.41347905282332,25.50552094717668,32.94713176470588,4.8509,0.6354,-25.50552094717668,79.02899216853415,6,2022-11-29,0.2,上交所,可转债
127018.SZ,本钢转债,2023-09-25,121.705,121.749,122.89,121.102,121.947,0.242,0.1988414609095764,89,0.707123287671,2.759562841530055,2.378082281646945,1.1364,116.56340506,5.38359494,4.61859786716838,3.95,25.31645569620253,99.49367088607595,22.45332911392405,22.56759541984733,-8.0329,0.9574,-22.45332911392405,85.35583773900775,6,2020-06-29,0.6,深交所,可转债
128135.SZ,洽洽转债,2023-09-25,116.067,116.068,116.587,116.032,116.294,0.227,0.1955766927722781,341,0.934246575342,3.068493150684931,0.8598895901766214,0.8536,107.92612053,8.36787947,7.753340367380293,58.18,1.718803712616019,58.38776211756618,57.90623788243383,99.17529938180748,32.1953,3.4716,-57.90623788243383,54.09975067280978,6,2020-10-20,0.3,深交所,可转债
128062.SZ,亚药转债,2023-09-25,113.18,113.199,113.675,112.801,113.4,0.22,0.1943806326206043,177,0.872876712329,1.519125683060109,1.587301587301587,1.9842,112.28743101,1.11256899,0.9908223743233717,4.21,23.75296912114014,109.0261282660333,4.373871733966745,4.011764705882353,62.3123,21.0876,-4.373871733966745,97.09557631283211,6,2019-04-02,0.3,深交所,可转债
123158.SZ,宙邦转债,2023-09-25,129.21,128.743,129.796,128.657,129.46,0.25,0.193483476511106,365,0.3,5.002739726027397,0.2317318090529894,-2.3672,95.67016232,33.78983768,35.31909726146266,42.09,2.375861249703017,104.3715846994536,25.08841530054645,24.03759162303665,31.8618,3.973,-25.08841530054645,109.095231123732,6,2022-09-26,0.3,深交所,可转债
123064.SZ,万孚转债,2023-09-25,110.532,110.582,111.116,110.331,110.74,0.208,0.1881807983208483,25,0.102739726027,2.934426229508197,1.354524110529167,0.7934,103.0417992,7.6982008,7.470949517348878,51.23,1.951981260979895,49.48272496584033,61.25727503415967,123.7952741617357,16.8436,2.5665,-61.25727503415967,48.02199238563017,6,2020-09-01,0.3,深交所,可转债
123188.SZ,水羊转债,2023-09-25,153.1,153.56,154.4,152.382,153.388,0.288,0.1881123448726323,175,0.191780821918,5.524590163934426,0.2607765926930399,-4.2126,77.22423182,76.16376818,98.6267734686286,13.61,7.347538574577516,138.2806759735489,15.10732402645114,10.92511583421892,25.7257,3.9822,-15.10732402645114,179.0638413805964,6,2023-04-04,0.4,深交所,可转债
128101.SZ,联创转债,2023-09-25,123.27,123.498,123.872,122.78,123.5,0.23,0.1865822990184149,194,0.797260273973,2.472677595628416,1.214574898785425,-3.4831,104.89703715,18.60296285,17.73449789949573,13.69,7.304601899196494,68.22498173849525,55.27501826150475,81.01873661670236,-17.8609,2.8643,-55.27501826150475,65.0399511674818,6,2020-03-16,0.3,深交所,可转债
123185.SZ,能辉转债,2023-09-25,115.864,115.9,116.327,115.61,116.079,0.215,0.1855623834840848,179,0.098082191781,5.513661202185793,0.1722964532775093,0.2893,75.04837493,41.03062507,54.67223655178486,37.71,2.651816494298595,68.46990188278971,47.60909811721029,69.53288497288924,331.3692,4.985,-47.60909811721029,91.23435643563737,6,2023-03-31,0.2,深交所,可转债
123010.SZ,博世转债,2023-09-25,112.563,112.62,112.888,112.32,112.767,0.204,0.1812318435009728,83,0.454794520548,0.7759562841530054,7.094274034070251,-5.4976,100.38319999,12.38380001,12.33652644190826,6.91,14.47178002894356,87.98842257597684,24.77857742402316,28.16117927631579,428.1818,1.4229,-24.77857742402316,87.65253805890039,6,2018-07-05,0.4,深交所,可转债
123129.SZ,锦鸡转债,2023-09-25,113.968,113.968,114.26,113.448,114.17,0.202,0.1772427348027517,326,0.535890410959,4.109589041095891,0.5255321012525181,0.6968,84.52876404,29.64123596,35.06644903263157,7.95,12.57861635220126,90.94339622641509,23.22660377358491,25.5396265560166,80.558,2.3973,-23.22660377358491,107.5886974798065,6,2021-11-04,0.4,深交所,可转债
123034.SZ,通光转债,2023-09-25,262.259,261.414,264.897,259.358,262.723,0.464,0.1769243381542673,326,1.339726027397,2.10958904109589,0.5709435412963464,-32.4318,99.27831391,163.44468609,164.6328182388044,8.0,12.5,111.5,151.223,135.6260089686099,33.1994,1.8563,-151.223,112.3105294687816,6,2019-11-04,0.5,深交所,可转债
127066.SZ,科利转债,2023-09-25,113.339,113.9,114.0,113.02,113.539,0.2,0.1764617651470368,80,0.109589041096,4.784153005464481,0.4403773152837351,0.2354,96.27721094,17.26178906,17.92925749662353,152.2,0.657030223390276,64.57950065703022,48.95949934296978,75.81275612981992,26.0208,4.3219,-48.95949934296978,67.0766217950333,6,2022-07-08,0.3,深交所,可转债
123216.SZ,科顺转债,2023-09-25,117.4,117.197,117.99,116.41,117.602,0.202,0.17206132879046,53,0.043561643836,5.85792349726776,0.2550977024200269,0.3654,96.4664168,21.1355832,21.90978363363446,10.26,9.746588693957115,72.12475633528265,45.47724366471735,63.05358378378379,71.8757,1.5729,-45.47724366471735,74.76669988148937,6,2023-08-04,0.3,深交所,可转债
118020.SH,芳源转债,2023-09-25,107.012,107.45,107.45,106.991,107.191,0.179,0.1672709602661384,3,0.004931506849,4.994535519125683,0.5597484863468015,3.6727,84.98015496,22.21084504,26.13650804761959,18.62,5.370569280343717,47.90547798066595,59.28552201933405,123.7552040358744,-160.9461,3.3938,-59.28552201933405,56.37254721789454,6,2022-09-23,0.5,上交所,可转债
127032.SZ,苏行转债,2023-09-25,121.1,121.1,121.49,120.7,121.3,0.2,0.1651527663088357,167,0.457534246575,3.546448087431694,0.8244023083264633,-1.6452,103.48571133,17.81428867,17.21424962060026,6.78,14.74926253687316,104.2772861356932,17.02271386430678,16.32446958981613,4.9211,0.7024,-17.02271386430678,100.7649121753331,6,2021-04-12,0.2,深交所,可转债
123065.SZ,宝莱转债,2023-09-25,117.02,117.476,117.476,116.967,117.2,0.18,0.1538198598530166,22,0.108493150685,2.942622950819672,1.535836177474403,0.6161,101.48101383,15.71898617,15.48958329913051,24.02,4.163197335553705,49.3338884263114,67.8661115736886,137.5648945147679,26.6332,2.2553,-67.8661115736886,48.61390970034558,6,2020-09-04,0.4,深交所,可转债
127043.SZ,川恒转债,2023-09-25,121.805,121.887,122.198,121.135,121.99,0.185,0.1518821066458684,45,0.123287671233,3.879781420765027,0.8197393228953193,-0.4308,96.02139845,25.96860155,27.04459835952327,19.98,5.005005005005005,91.34134134134135,30.64865865865866,33.55398356164383,16.7518,2.1868,-30.64865865865866,95.1260269229513,6,2021-08-12,0.4,深交所,可转债
127086.SZ,恒邦转债,2023-09-25,130.8,130.575,131.463,130.317,130.998,0.198,0.1513761467889908,106,0.058082191781,5.713114754098361,0.1526740866272767,-2.6657,92.72153114,38.27646886,41.28110093674624,11.46,8.726003490401396,108.7260034904014,22.27199650959861,20.48451685393258,24.5117,1.6659,-22.27199650959861,117.2607938562148,6,2023-06-12,0.2,深交所,可转债
113647.SH,禾丰转债,2023-09-25,119.342,119.395,119.999,119.026,119.515,0.173,0.1449615391060984,157,0.215068493151,4.573770491803279,0.4183575283437225,-0.5104,98.88406592,20.63093408,20.86375988694782,10.14,9.861932938856016,87.57396449704142,31.94103550295858,36.47320945945946,-160.9515,1.1874,-31.94103550295858,88.56226094898973,6,2022-04-22,0.3,上交所,可转债
127089.SZ,晶澳转债,2023-09-25,108.974,108.984,109.5,108.71,109.131,0.157,0.1440710628223246,70,0.038356164384,5.811475409836065,0.1832659830845498,0.5321,92.40248551,16.72851449,18.10396592436856,38.78,2.57864878803507,63.35740072202166,45.77359927797834,72.24664957264957,8.4525,2.5013,-45.77359927797834,68.56677109098433,6,2023-07-18,0.2,深交所,可转债
123052.SZ,飞鹿转债,2023-09-25,143.295,143.056,144.68,143.056,143.501,0.206,0.1437593775079382,113,0.619178082192,2.693989071038252,1.3937185106724,-5.2304,101.27455298,42.22644702,41.69502187616568,7.09,14.10437235543018,122.0028208744711,21.49817912552891,17.62105086705202,201.4245,3.2529,-21.49817912552891,120.4674000373663,6,2020-06-05,0.5,深交所,可转债
113651.SH,松霖转债,2023-09-25,118.999,119.049,119.873,118.711,119.169,0.17,0.1428583433474231,68,0.093150684932,4.816939890710382,0.4195722041806175,-0.4233,97.828402,21.340598,21.81431727771655,16.38,6.105006105006105,85.77533577533578,33.39366422466423,38.93154590747331,23.3897,2.5781,-33.39366422466423,87.67937942534907,6,2022-07-20,0.3,上交所,可转债
128081.SZ,海亮转债,2023-09-25,130.196,130.059,130.68,129.31,130.38,0.184,0.1413253863405942,309,1.269863013699,2.156164383561644,1.150483202945237,-6.4206,106.14149681,24.23850319,22.8360291860105,9.54,10.48218029350105,124.8427672955975,5.537232704402515,4.43536523929471,16.5399,1.8235,-5.537232704402515,117.6191885809505,6,2019-11-20,0.3,深交所,可转债
110076.SH,华海转债,2023-09-25,110.805,110.8,111.001,110.592,110.955,0.15,0.1353729524840937,328,0.898630136986,3.104109589041096,0.9012662791221666,0.9834,103.29022726,7.66477274,7.420617558238491,33.67,2.97000297000297,50.37125037125037,60.58374962874963,120.274460495283,22.1013,3.1296,-60.58374962874963,48.76671463260209,6,2020-11-02,0.3,上交所,可转债
123172.SZ,漱玉转债,2023-09-25,117.699,118.116,118.31,116.939,117.856,0.157,0.1333911078258949,285,0.234246575342,5.221917808219178,0.2545479228889492,0.0734,86.54919473,31.30680527,36.17226638291103,21.16,4.725897920604915,89.03591682419659,28.8200831758034,32.36905307855626,27.4613,3.4854,-28.8200831758034,102.8731891751901,6,2022-12-15,0.3,深交所,可转债
110095.SH,双良转债,2023-09-25,117.025,116.602,117.64,116.567,117.178,0.153,0.130741294595172,49,0.026849315068,5.868852459016393,0.1706805031661233,-0.3243,92.33020753,24.84779247,26.91187763433375,12.13,8.244023083264633,88.45836768342951,28.71963231657049,32.46683504193849,16.2411,2.9045,-28.71963231657049,95.80652968281,6,2023-08-08,0.2,上交所,可转债
113671.SH,武进转债,2023-09-25,129.325,129.45,129.86,128.666,129.493,0.168,0.1299052774018945,78,0.064109589041,5.789617486338798,0.2316727545118269,-2.048,92.71163889,36.78136111,39.67286259888054,8.55,11.69590643274854,92.63157894736842,36.86142105263158,39.79357954545455,12.0719,1.7016,-36.86142105263158,99.91364628692783,6,2023-07-10,0.3,上交所,可转债
127064.SZ,杭氧转债,2023-09-25,145.311,145.6,146.413,144.61,145.499,0.188,0.1293776795975528,130,0.142465753425,4.647540983606557,0.2749159788039781,-5.4991,96.28639002,49.21260998,51.11066057183977,27.88,3.586800573888092,118.5078909612626,26.99110903873745,22.77579055690073,30.9625,3.9387,-26.99110903873745,123.0785482108602,6,2022-05-19,0.2,深交所,可转债
128041.SZ,盛路转债,2023-09-25,312.6,311.02,319.791,310.64,312.99,0.39,0.1247600767754319,71,0.38904109589,0.8087431693989071,null,-80.1925,103.68291138,209.30708862,201.8723103297951,6.83,14.64128843338214,133.9677891654466,179.0222108345535,133.6307868852459,28.1974,2.5436,-179.0222108345535,129.209131362498,6,2018-07-17,0.5,深交所,可转债
110070.SH,凌钢转债,2023-09-25,120.494,120.27,120.9,120.001,120.629,0.135,0.1120387737148738,166,0.727671232877,2.549180327868852,1.32638088685142,-1.6857,106.7022718,13.9267282,13.05195097073838,2.59,38.61003861003861,88.03088803088804,32.59811196911197,37.03031140350877,-32.6285,0.817,-32.59811196911197,82.50141871008226,6,2020-04-13,0.4,上交所,可转债
111008.SH,沿浦转债,2023-09-25,129.95,129.949,131.1,129.108,130.093,0.143,0.110042323970758,328,0.359452054795,5.104109589041096,0.3074723467058181,-1.7043,78.68083512,51.41216488,65.3426781777148,46.99,2.128112364332837,104.6605660778889,25.43243392211109,24.29992008946726,62.0091,3.614,-25.43243392211109,133.0191347337201,6,2022-11-02,0.4,上交所,可转债
128056.SZ,今飞转债,2023-09-25,132.0,131.9,132.728,131.501,132.144,0.144,0.1090909090909091,210,1.265753424658,1.427397260273973,1.664850466158131,-8.1626,105.59353286,26.55046714,25.14402768889421,5.99,16.69449081803005,97.32888146911519,34.81511853088481,35.77059348198971,35.5405,1.3747,-34.81511853088481,92.17314624576261,6,2019-02-27,0.6,深交所,可转债
123128.SZ,首华转债,2023-09-25,105.988,105.835,106.382,105.2,106.1,0.112,0.1056723402649357,329,0.450684931507,4.101369863013699,0.471253534401508,1.9828,99.3845823,6.7154177,6.757001483116361,19.61,5.099439061703213,67.46557878633351,38.6344212136665,57.26538170823885,93.4472,1.2684,-38.6344212136665,67.88334490623855,6,2021-11-01,0.3,深交所,可转债
113653.SH,永22转债,2023-09-25,107.547,107.625,108.229,106.94,107.66,0.113,0.1050703413391355,60,0.098630136986,4.83879781420765,0.5573100501579045,2.4205,90.44459034,17.21540966,19.0342060208175,22.59,4.426737494466578,59.7609561752988,47.8990438247012,80.15106666666667,-60.2206,1.093,-47.8990438247012,66.07466068522723,6,2022-07-28,0.4,上交所,可转债
127069.SZ,小熊转债,2023-09-25,134.008,134.4,134.476,133.5,134.141,0.133,0.0992478061011283,45,0.07397260274,4.879781420765028,0.4472905375686778,-2.18,90.2430203,43.8979797,48.64418273465078,54.44,1.836884643644379,107.7700220426157,26.37097795738428,24.46967854099199,19.4036,3.7745,-26.37097795738428,119.4220025929426,6,2022-08-12,0.4,深交所,可转债
127056.SZ,中特转债,2023-09-25,109.3,109.248,109.498,108.91,109.399,0.099,0.09057639524245197,213,0.233424657534,4.419178082191781,0.3656340551558972,0.1682,96.65805123,12.74094877,13.18146663197526,23.5,4.25531914893617,63.48936170212766,45.90963829787234,72.31075737265415,12.3864,2.1308,-45.90963829787234,65.68450418170887,6,2022-02-25,0.2,深交所,可转债
118024.SH,冠宇转债,2023-09-25,118.5,119.01,119.013,117.5,118.607,0.107,0.09029535864978903,337,0.27698630137,5.079452054794521,0.2529361673425683,-0.2563,97.00222457,21.60477543,22.27245357080371,23.59,4.23908435777872,77.1513353115727,41.4556646884273,53.73291923076923,72.6827,3.0452,-41.4556646884273,79.53563503680037,6,2022-10-24,0.3,上交所,可转债
123166.SZ,蒙泰转债,2023-09-25,121.463,121.853,122.115,121.156,121.571,0.108,0.08891596617900101,328,0.359452054795,5.104109589041096,0.3290258367538311,-0.0117,80.0551351,41.5158649,51.85909042329503,25.95,3.853564547206166,97.45664739884393,24.11435260115607,24.74367141162515,112.0422,2.958,-24.11435260115607,121.7369095400401,6,2022-11-02,0.4,深交所,可转债
123035.SZ,利德转债,2023-09-25,124.5,124.347,124.673,123.501,124.6,0.1,0.08032128514056225,316,1.298630136986,2.136986301369863,1.203852327447833,-4.4342,106.76424818,17.83575182,16.70573447951385,6.87,14.55604075691412,93.74090247452693,30.85909752547307,32.9195652173913,24.0775,1.9509,-30.85909752547307,87.80177266502523,6,2019-11-14,0.5,深交所,可转债
127006.SZ,敖东转债,2023-09-25,124.9,125.0,125.336,124.701,124.999,0.099,0.07926341072858287,197,1.079452054795,0.4644808743169399,4.000032000256002,-34.4455,103.74242009,21.25657991,20.48976676229378,14.21,7.037297677691766,120.0562983814215,4.942701618578466,4.116986518171161,9.3317,0.753,-4.942701618578466,115.725368925526,6,2018-03-13,0.2,深交所,可转债
113648.SH,巨星转债,2023-09-25,131.018,131.018,132.179,130.822,131.113,0.095,0.07250912088415332,154,0.253150684932,4.581967213114754,0.4576205258059842,-2.8107,88.02263183,43.09036817,48.9537375492491,25.21,3.966679888932963,110.1943673145577,20.91863268544228,18.98339560835133,-20.1818,4.6176,-20.91863268544228,125.1886759389091,6,2022-04-25,0.4,上交所,可转债
123011.SZ,德尔转债,2023-09-25,116.222,116.161,116.8,115.8,116.299,0.077,0.06625251673521364,70,0.383561643836,0.8114754098360656,10.31823145512859,-4.5553,107.52775495,8.77124505,8.157191651661096,29.76,3.360215053763441,60.58467741935484,55.71432258064516,91.96107820299501,229.6547,1.8023,-55.71432258064516,56.34329243415013,6,2018-07-18,0.5,深交所,可转债
128030.SZ,天康转债,2023-09-25,253.5,248.993,258.8,248.993,253.666,0.166,0.06548323471400394,278,1.523287671233,0.2410958904109589,3.153753360718425,-238.1804,107.31939665,146.34660335,136.3654734542342,7.18,13.92757660167131,99.72144846796657,153.9445515320334,154.3745642458101,-10.8434,1.3428,-153.9445515320334,92.9202470203848,6,2017-12-22,0.3,深交所,可转债
123175.SZ,百畅转债,2023-09-25,121.675,121.09,122.555,121.09,121.752,0.077,0.06328333675775631,216,0.177534246575,5.410958904109589,0.2464025231618372,-0.5724,75.71308533,46.03891467,60.80707775853625,24.0,4.166666666666667,94.625,27.127,28.66789960369881,106.1582,2.394,-27.127,124.9783965183446,6,2023-02-22,0.3,深交所,可转债
128108.SZ,蓝帆转债,2023-09-25,101.604,101.692,101.7,101.55,101.663,0.059,0.05806857997716625,121,0.497260273973,2.672131147540984,1.475463049487031,3.5065,102.24963385,-0.58663385,-0.5737270911508501,17.84,5.605381165919282,38.34080717488789,63.3221928251121,165.1561286549708,-14.5568,0.6986,-63.3221928251121,37.49725620644644,6,2020-05-28,0.4,深交所,可转债
123153.SZ,英力转债,2023-09-25,118.951,118.945,119.605,118.688,119.016,0.065,0.05464434935393565,67,0.110136986301,4.819672131147541,0.5041338979632991,0.3685,81.70699954,37.30900046,45.66193920966982,19.24,5.197505197505198,89.44906444906445,29.56693555093555,33.05449389889599,-43.7209,2.2264,-29.56693555093555,109.4753998465876,6,2022-07-21,0.4,深交所,可转债
118037.SH,上声转债,2023-09-25,177.585,178.95,179.8,176.0,177.662,0.077,0.04335951797730664,82,0.067397260274,5.778688524590164,0.1688599700554986,-7.165,72.2957903,105.3662097,145.7432158397749,47.85,2.089864158829676,87.41901776384535,90.24298223615465,103.2303777193402,46.9917,5.7645,-90.24298223615465,120.9185450509493,6,2023-07-06,0.3,上交所,可转债
127034.SZ,绿茵转债,2023-09-25,107.833,107.775,108.4,107.018,107.879,0.046,0.04265855535874918,149,0.408219178082,3.595628415300546,0.9269644694518859,2.579,96.27222341,11.60677659,12.05620497676631,12.04,8.305647840531561,70.68106312292359,37.19793687707642,52.62786839012926,25.7803,1.2194,-37.19793687707642,73.41791912492778,6,2021-04-30,0.4,深交所,可转债
123156.SZ,博汇转债,2023-09-25,120.999,121.167,121.563,120.921,121.05,0.051,0.04214910867031959,41,0.067397260274,4.890710382513661,0.4956629491945477,-0.0259,81.01084327,40.03915673,49.42444136342836,10.69,9.354536950420954,101.3096351730589,19.74036482694107,19.48518005540166,12.0569,2.549,-19.74036482694107,125.05688261435,6,2022-08-16,0.4,深交所,可转债
113055.SH,成银转债,2023-09-25,124.349,124.5,124.668,124.19,124.4,0.051,0.04101359882266846,207,0.226849315068,4.437158469945355,0.3215434083601286,-2.5749,97.28260677,27.11739323,27.87486286640343,13.13,7.616146230007616,107.1591774562072,17.24082254379284,16.08898365316276,4.8118,0.8686,-17.24082254379284,110.1524527499122,6,2022-03-03,0.2,上交所,可转债
127068.SZ,顺博转债,2023-09-25,110.457,110.5,110.769,109.75,110.5,0.043,0.03892917605946206,45,0.07397260274,4.879781420765028,0.5429864253393665,0.5057,84.64588405,25.85411595,30.54385483732212,16.0,6.25,72.5,38,52.41379310344828,32.5659,2.027,-38,85.65094548150094,6,2022-08-12,0.3,深交所,可转债
113637.SH,华翔转债,2023-09-25,120.252,120.132,120.7,119.1,120.296,0.044,0.03658982802780827,278,0.45698630137,4.241095890410959,0.4987697014032054,0.0608,94.2991354,25.9968646,27.56850790807993,12.57,7.955449482895784,93.31742243436754,26.97857756563246,28.910547314578,14.5281,2.1537,-26.97857756563246,98.95893746907836,6,2021-12-22,0.4,上交所,可转债
123196.SZ,正元转02,2023-09-25,120.267,120.417,121.175,119.749,120.306,0.039,0.03242784803811519,161,0.088219178082,5.562841530054645,0.1662427476601333,-0.1225,75.4201212,44.8858788,59.51446124167724,32.8,3.048780487804878,81.28048780487805,39.02551219512195,48.01338334583646,162.6564,3.7338,-39.02551219512195,107.7702959258544,6,2023-04-18,0.2,深交所,可转债
113602.SH,景20转债,2023-09-25,119.217,120.027,120.027,118.438,119.238,0.021,0.01761493746697199,33,0.135616438356,2.912568306010929,1.257988225230212,-2.3716,101.29826774,17.93973226,17.70981149060269,26.6,3.759398496240602,79.92481203007519,39.31318796992481,49.18771401693321,22.1579,2.3074,-39.31318796992481,78.90047264699177,6,2020-08-24,0.4,上交所,可转债
128143.SZ,锋龙转债,2023-09-25,124.18,124.356,125.1,124.055,124.201,0.021,0.01691093573844419,261,0.858082191781,3.287671232876712,0.9661757956860251,-0.9386,93.31049723,30.89050277,33.10506715429706,12.63,7.917656373713381,90.97387173396675,33.22712826603326,36.52381462140992,114.4164,3.4398,-33.22712826603326,97.49585998853513,6,2021-01-08,0.5,深交所,可转债
113641.SH,华友转债,2023-09-25,105.464,105.464,105.665,105.22,105.481,0.017,0.01611924448152924,214,0.234520547945,4.416438356164384,0.3792152141143902,1.4531,97.26924345,8.21175655,8.442295075751408,81.55,1.226241569589209,46.53586756591049,58.94513243408952,126.666022397892,15.4587,2.3752,-58.94513243408952,47.84232498922606,6,2022-02-24,0.2,上交所,可转债
113042.SH,上银转债,2023-09-25,108.92,108.901,109.099,108.901,108.936,0.016,0.01468968049944914,244,1.002739726027,3.334246575342466,1.37695527649262,2.9988,109.1752319,-0.2392319,-0.2191265324896461,9.83,10.17293997965412,63.17395727365209,45.76204272634791,72.43814492753623,3.4368,0.424,-45.76204272634791,57.8647337626146,6,2021-01-22,0.3,上交所,可转债
113068.SH,金铜转债,2023-09-25,122.702,122.35,123.3,121.813,122.72,0.018,0.01466968753565549,60,0.032876712329,5.83879781420765,0.1629726205997392,-1.4986,92.31559069,30.40440931,32.93529195095486,6.75,14.81481481481482,99.25925925925925,23.46074074074074,23.63582089552239,16.7888,1.3198,-23.46074074074074,107.5216640194357,6,2023-07-28,0.2,上交所,可转债
128121.SZ,宏川转债,2023-09-25,130.816,130.815,131.61,130.5,130.835,0.019,0.01452421722113503,71,0.291780821918,2.808743169398907,1.146482210417702,-5.6756,95.41783564,35.41716436,37.1179707886319,19.17,5.216484089723527,117.0579029733959,13.77709702660407,11.76947192513369,32.0025,4.4633,-13.77709702660407,122.679268700918,6,2020-07-17,0.4,深交所,可转债
123189.SZ,晓鸣转债,2023-09-25,116.398,116.288,116.498,116.09,116.414,0.016,0.01374594065190123,173,0.142191780822,5.530054644808743,0.2577009638016046,0.4372,75.66756596,40.74643404,53.84927283314453,19.46,5.138746145940391,77.13257965056526,39.28142034943474,50.92714457028647,-39.5901,3.7214,-39.28142034943474,101.9361184306361,6,2023-04-06,0.3,深交所,可转债
128034.SZ,江银转债,2023-09-25,108.662,108.9,108.9,108.26,108.673,0.011,0.01012313412232427,243,1.198356164384,0.336986301369863,5.521150607786662,-7.2989,105.09312881,3.57987119,3.406379875198236,3.96,25.25252525252525,96.96969696969697,11.70330303030303,12.06903125,6.3527,0.5853,-11.70330303030303,92.27025407627787,6,2018-01-26,0.3,深交所,可转债
113654.SH,永02转债,2023-09-25,120.995,121.061,121.6,119.209,121.004,0.009,0.007438323897681723,53,0.058082191781,4.85792349726776,0.3305675845426597,-0.5425,88.20564437,32.79835563,37.18396465924486,13.94,7.173601147776184,84.14634146341463,36.85765853658537,43.80185507246377,21.4041,2.3152,-36.85765853658537,95.39791026347743,6,2022-08-04,0.3,上交所,可转债
113610.SH,灵康转债,2023-09-25,107.713,107.713,107.999,107.502,107.719,0.006,0.005570358266875864,299,0.819178082192,3.183561643835617,0.9283413325411487,3.5323,93.69609312,14.02290688,14.96637310377536,8.51,11.75088131609871,60.75205640423032,46.96694359576969,77.3092243713733,-26.7408,3.8537,-46.96694359576969,64.83947663263072,6,2020-12-01,0.4,上交所,可转债
118013.SH,道通转债,2023-09-25,121.014,121.4,122.0,120.896,121.02,0.006,0.004958104021022361,80,0.109589041096,4.784153005464481,0.4131548504379441,-0.2152,100.45643515,20.56356485,20.47013197242646,34.71,2.881014116969173,81.5326995102276,39.4873004897724,48.43124381625442,33.8267,4.172,-39.4873004897724,81.16224648872343,6,2022-07-08,0.3,上交所,可转债
127033.SZ,中装转2,2023-09-25,106.11,106.109,106.527,105.811,106.115,0.005,0.004712091226086137,163,0.446575342466,3.557377049180328,0.9423738397022099,2.6621,95.06805332,11.04694668,11.6200409014539,5.14,19.45525291828794,84.43579766536965,21.67920233463035,25.67536866359447,-26.9629,0.9268,-21.67920233463035,88.81616349201758,6,2021-04-16,0.3,深交所,可转债
113629.SH,泉峰转债,2023-09-25,112.915,113.2,113.203,112.75,112.918,0.003,0.002656865783996812,12,0.032876712329,3.969945355191257,0.8855983988380949,1.5728,95.41907924,17.49892076,18.33901657758231,22.24,4.496402877697841,62.23021582733813,50.68778417266187,81.45204624277457,-7.7387,1.4575,-50.68778417266187,65.21779116188642,6,2021-09-14,0.4,上交所,可转债
123029.SZ,英科转债,2023-09-25,1373.3,1373.3,1373.3,1373.3,1373.3,0.0,0.0,41,0.393150684932,1.890710382513661,0.2548605548678366,-71.3761,124.36704211,1248.93295789,1004.231456100198,3.9,25.64102564102564,569.7435897435897,803.5564102564102,141.0382538253825,24.9718,0.9136,-803.5564102564102,458.1146098494999,6,2019-08-16,0.5,深交所,可转债
810006.NQ,鸿盛定转,2023-09-25,100.0,100.0,100.0,100.0,100.0,0.0,0.0,140,null,2.620218579234973,8,null,115.91436086,-15.91436086,-13.72941259558096,5.0,20.0,null,null,null,null,null,null,null,3,2023-05-09,8.0,代办转让,可转债
810008.NQ,四联定转,2023-09-25,100.0,100.0,100.0,100.0,100.0,0.0,0.0,132,null,1.64207650273224,5,null,105.46740023,-5.46740023,-5.18397174679272,2.88,34.72222222222222,null,null,null,null,null,null,null,2,2023-05-17,5.0,代办转让,可转债
810009.NQ,良安定转,2023-09-25,100.0,100.0,100.0,100.0,100.0,0.0,0.0,52,null,1.860655737704918,8,null,110.55880007,-10.55880007,-9.550393151259533,10.0,10.0,null,null,null,null,null,null,null,2,2023-08-05,8.0,代办转让,可转债
128123.SZ,国光转债,2023-09-25,119.515,119.664,120.04,119.02,119.515,0.0,0.0,61,0.250684931507,2.836065573770492,1.255072585031168,-1.68,97.61203864,21.90296136,22.43879101918939,12.98,7.704160246533128,82.58859784283513,36.92640215716487,44.71125932835821,13.8181,2.9643,-36.92640215716487,84.60902875661436,6,2020-07-27,0.5,深交所,可转债
810004.NQ,派普定转,2023-09-25,100.0,100.0,100.0,100.0,100.0,0.0,0.0,193,null,2.475409836065574,4.8,null,107.20577145,-7.20577145,-6.72143985583903,3.5,28.57142857142857,null,null,null,null,null,null,null,3,2023-03-17,4.8,代办转让,可转债
810003.NQ,汉鸣定转,2023-09-25,100.0,100.0,100.0,100.0,100.0,0.0,0.0,144,null,1.609289617486339,3,null,101.67375185,-1.67375185,-1.64619857096382,4.0,25.0,null,null,null,null,null,null,null,2,2023-05-05,3.0,代办转让,可转债
113569.SH,科达转债,2023-09-25,110.485,110.53,110.73,110.335,110.485,0.0,0.0,201,0.82602739726,2.453551912568306,1.357650359777345,2.9481,98.27558367,12.20941633,12.4236518106044,14.57,6.863417982155113,42.89636238846946,67.58863761153054,157.562632,-8.5798,2.859,-67.58863761153054,43.64905380008867,6,2020-03-09,0.4,上交所,可转债
810007.NQ,中科定转,2023-09-25,100.0,100.0,100.0,100.0,100.0,0.0,0.0,120,null,2.674863387978142,6,null,109.96720162,-9.96720162,-9.063794907178252,7.15,13.98601398601399,null,null,null,null,null,null,null,3,2023-05-29,6.0,代办转让,可转债
404001.NQ,蓝盾退债,2023-09-25,25.13,25.13,25.13,25.13,25.13,0.0,0.0,44,null,0.8825136612021858,31.83446080382014,null,58.48345482,-33.35345482,-57.03058227776565,0.84,119.0476190476191,null,null,null,null,null,null,null,6,2018-08-13,0.4,代办转让,可转债
128114.SZ,正邦转债,2023-09-25,84.813,84.813,84.813,84.813,84.813,0.0,0.0,101,0.415068493151,0.3506849315068493,1.101748823303267,11.4085,88.32631138,-3.51331138,-3.977649836281434,3.06,32.6797385620915,98.36601307189542,-13.55301307189543,-13.77814617940199,-2.7158,-1.063,13.55301307189543,111.3666036032031,6,2020-06-17,0.4,深交所,可转债
123212.SZ,立中转债,2023-09-25,132.511,132.585,133.787,130.306,132.511,0.0,0.0,61,0.050136986301,5.836065573770492,0.2263962991751628,-1.9565,83.29858226,49.21241774,59.07953821638068,23.57,4.242681374628766,94.95120916419177,37.55979083580823,39.55693789097408,28.1077,2.2821,-37.55979083580823,113.988985872317,6,2023-07-27,0.3,深交所,可转债
123179.SZ,立高转债,2023-09-25,116.999,117.282,118.084,116.599,116.997,-0.002,-0.001709416319797605,203,0.166849315068,5.448087431693989,0.2564168312008,0.521,86.71961548,30.27738452,34.91411297480075,96.52,1.036054703688355,66.35930377123913,50.63769622876088,76.30835971896956,50.1246,4.9763,-50.63769622876088,76.52167667480428,6,2023-03-07,0.3,深交所,可转债
110091.SH,合力转债,2023-09-25,161.746,161.3,162.485,160.877,161.743,-0.003,-0.001854759932239437,287,0.157260273973,5.216438356164383,0.1236529556147716,-6.8176,94.38481378,67.35818622,71.36549146243387,14.0,7.142857142857143,142.8571428571429,18.88585714285714,13.2201,11.2475,2.1663,-18.88585714285714,151.3560679264847,6,2022-12-13,0.2,上交所,可转债
111012.SH,福新转债,2023-09-25,125.086,124.929,125.324,124.494,125.083,-0.003,-0.002398349935244552,265,0.290410958904,5.276712328767124,0.3197876609931006,-0.5615,78.86277051,46.22022949,58.60842726054008,13.74,7.27802037845706,111.9359534206696,13.14704657933042,11.74515084525358,32.8846,2.6155,-13.14704657933042,141.9376376163146,6,2023-01-04,0.4,上交所,可转债
113666.SH,爱玛转债,2023-09-25,114.753,115.0,115.1,114.235,114.746,-0.007,-0.006100058386273126,215,0.176712328767,5.413698630136986,0.2614470221184181,0.058,94.0771607,20.6688393,21.97009257742193,39.64,2.522704339051463,73.33501513622603,41.41098486377397,56.46822979016168,14.0011,3.6039,-41.41098486377397,77.95198599804898,6,2023-02-23,0.3,上交所,可转债
113624.SH,正川转债,2023-09-25,108.139,108.149,108.25,108.1,108.13,-0.009,-0.00832262181081756,151,0.496438356164,3.59016393442623,1.109775270507722,3.1115,90.76561804,17.36438196,19.13101275016669,46.32,2.158894645941278,43.89032815198618,64.23967184801381,146.3640727988195,50.2899,2.602,-64.23967184801381,48.3556759704362,6,2021-04-28,0.5,上交所,可转债
123071.SZ,天能转债,2023-09-25,126.013,126.11,126.152,124.867,126.002,-0.011,-0.008729258092419036,340,0.931506849315,3.071232876712329,0.7936381962191076,-1.5864,101.39064752,24.61135248,24.27378962654839,7.54,13.26259946949602,92.04244031830238,33.95955968169761,36.8955446685879,28.7816,1.3116,-33.95955968169761,90.780010355636,6,2020-10-21,0.4,深交所,可转债
110047.SH,山鹰转债,2023-09-25,113.105,113.139,113.385,112.905,113.092,-0.013,-0.01149374475045312,309,1.693150684932,1.156164383561644,1.768471686768295,1.4802,111.54777878,1.54422122,1.384358556386487,2.37,42.19409282700422,88.60759493670886,24.48440506329114,27.6324,-17.3155,0.731,-24.48440506329114,79.43465652638866,6,2018-11-21,0.4,上交所,可转债
118016.SH,京源转债,2023-09-25,118.799,118.8,119.05,118.519,118.779,-0.02,-0.0168351585451056,52,0.099726027397,4.860655737704918,0.5893297636787648,0.4249,73.71350801,45.06549199,61.13600235100248,9.82,10.18329938900204,95.82484725050917,22.95415274949083,23.95428055260361,64.2565,1.7527,-22.95415274949083,129.996319314378,6,2022-08-05,0.5,上交所,可转债
113058.SH,友发转债,2023-09-25,122.427,122.427,122.594,121.33,122.406,-0.021,-0.01715307897767649,180,0.246575342466,4.510928961748633,0.4084767086580723,-1.0531,99.20670996,23.19929004,23.38479932391057,6.58,15.19756838905775,103.0395136778116,19.36648632218845,18.79520353982301,14.4605,1.5478,-19.36648632218845,103.8634520985092,6,2022-03-30,0.3,上交所,可转债
113532.SH,海环转债,2023-09-25,113.221,113.273,113.5,113.026,113.201,-0.02,-0.01766456752722552,177,0.872876712329,1.519125683060109,1.590091960318372,-2.0092,105.56062603,7.64037397,7.237901343848254,7.26,13.77410468319559,84.7107438016529,28.49025619834711,33.6324,18.0145,1.292,-28.49025619834711,80.24842878212787,6,2019-04-02,0.4,上交所,可转债
123056.SZ,雪榕转债,2023-09-25,111.5,110.959,111.479,110.793,111.479,-0.021,-0.01883408071748879,94,0.386301369863,2.745901639344262,1.345544900833341,2.4486,102.47061675,9.00838325,8.791186718411158,11.15,8.968609865470851,55.96412556053812,55.51487443946188,99.19725160256411,37.8272,1.7804,-55.51487443946188,54.61480308747934,6,2020-06-24,0.4,深交所,可转债
113052.SH,兴业转债,2023-09-25,103.212,103.208,103.238,103.041,103.191,-0.021,-0.0203464713405418,273,0.299178082192,4.254794520547946,0.3876307042280819,2.4633,100.74021438,2.45078562,2.432777848531714,23.29,4.293688278231,70.28767711464148,32.90332288535852,46.81236346976176,3.984,0.5046,-32.90332288535852,69.77122050734461,6,2021-12-24,0.2,上交所,可转债
113056.SH,重银转债,2023-09-25,103.927,103.801,103.99,103.65,103.901,-0.026,-0.02501756040297517,187,0.204931506849,4.491803278688525,0.3849818577299545,2.4555,101.16511508,2.73588492,2.70437582939188,10.5,9.523809523809524,80,23.901,29.87625,5.0209,0.6322,-23.901,79.07864280758945,6,2022-03-23,0.2,上交所,可转债
110048.SH,福能转债,2023-09-25,167.91,168.019,168.31,167.179,167.867,-0.043,-0.02560895717944137,293,1.444931506849,1.2,1.07227745774929,-29.5463,107.34477424,60.52222576,56.38115706004022,5.57,17.95332136445243,152.9622980251347,14.90470197486535,9.744036384976527,11.5784,1.0843,-14.90470197486535,142.4962687826271,6,2018-12-07,0.4,上交所,可转债
123184.SZ,天阳转债,2023-09-25,123.722,123.38,124.05,122.798,123.69,-0.032,-0.02586443801425777,187,0.153698630137,5.491803278688525,0.2425418384671356,-0.5131,86.48755398,37.20244602,43.01479728355245,14.92,6.702412868632708,87.80160857908847,35.88839142091153,40.87441221374046,117.4332,2.2209,-35.88839142091153,101.5193568769356,6,2023-03-23,0.3,深交所,可转债
123088.SZ,威唐转债,2023-09-25,120.531,120.756,121.222,120.2,120.499,-0.032,-0.0265491865163319,285,0.93698630137,3.221917808219178,0.9958588867957411,-0.0262,93.79542053,26.70357947,28.47002478277603,20.62,4.849660523763337,73.61784675072745,46.88115324927255,63.68177733860343,120.8385,3.0463,-46.88115324927255,78.48767704728307,6,2020-12-15,0.5,深交所,可转债
110059.SH,浦发转债,2023-09-25,108.739,108.75,108.769,108.701,108.708,-0.031,-0.02850863075805369,333,1.915890410959,2.09041095890411,1.931780549729551,2.9502,109.14180195,-0.43380195,-0.3974663623372585,13.24,7.552870090634441,54.0785498489426,54.62945015105741,101.0187039106145,4.5415,0.35,-54.62945015105741,49.54888858598564,6,2019-10-25,0.2,上交所,可转债
113061.SH,拓普转债,2023-09-25,131.451,133.0,133.58,130.85,131.411,-0.04,-0.03042958973305643,74,0.081095890411,4.800546448087432,0.3043885215088539,-2.9055,97.42224376,33.98875624,34.88808605530726,70.92,1.410039481105471,103.7789058093627,27.63209419063734,26.62592554347826,37.0699,6.4469,-27.63209419063734,106.5248569567155,6,2022-07-14,0.2,上交所,可转债
123214.SZ,东宝转债,2023-09-25,119.45,119.45,119.679,119.181,119.413,-0.037,-0.03097530347425701,57,0.046849315068,5.846994535519126,0.2512289281736495,-0.1627,73.02901005,46.38398995,63.5144717397138,6.67,14.99250374812594,94.75262368815592,24.66037631184408,26.02606170886076,28.8564,2.3773,-24.66037631184408,129.7465536275004,6,2023-07-31,0.3,深交所,可转债
111017.SH,蓝天转债,2023-09-25,125.403,125.38,125.87,125.123,125.364,-0.039,-0.03109973445611349,42,0.034520547945,5.887978142076503,0.2393031492294439,-1.464,92.35958256,33.00441744,35.73469749991473,10.13,9.871668311944719,100.5923000987167,24.77169990128332,24.62584102060844,10.4767,2.0165,-24.77169990128332,108.9137665096834,6,2023-08-15,0.3,上交所,可转债
123082.SZ,北陆转债,2023-09-25,115.078,114.914,115.554,114.643,115.041,-0.037,-0.0321521055284242,293,0.963287671233,3.2,1.04310637077216,1.4979,94.04307339,20.99792661,22.32798849833506,8.68,11.52073732718894,79.95391705069125,35.08708294930876,43.8841325648415,177.7854,2.1082,-35.08708294930876,85.01840079079453,6,2020-12-07,0.5,深交所,可转债
110092.SH,三房转债,2023-09-25,115.038,115.03,115.301,114.55,115.0,-0.038,-0.03303256315304508,263,0.216164383562,5.282191780821917,0.2608695652173913,0.0168,94.56567071,20.43432929,21.60861244527623,3.02,33.11258278145695,86.42384105960265,28.57615894039735,33.06513409961686,83.232,1.6337,-28.57615894039735,91.3902903778206,6,2023-01-06,0.3,上交所,可转债
128132.SZ,交建转债,2023-09-25,125.343,125.555,126.47,124.758,125.3,-0.043,-0.03430586470724333,11,0.045205479452,2.972677595628416,1.197126895450918,-2.7969,104.64018195,20.65981805,19.74367557949377,18.33,5.455537370430988,96.23567921440262,29.06432078559738,30.20119047619048,44.1954,3.7935,-29.06432078559738,91.9681879570763,6,2020-09-15,0.4,深交所,可转债
111005.SH,富春转债,2023-09-25,121.755,121.76,122.5,121.142,121.712,-0.043,-0.03531682477105663,95,0.130136986301,4.743169398907104,0.4108058367293282,-1.5631,85.36108915,36.35091085,42.58487234871464,15.85,6.309148264984227,98.86435331230284,22.84764668769716,23.11009572431398,27.1977,1.4268,-22.84764668769716,115.8189923497512,6,2022-06-23,0.3,上交所,可转债
123072.SZ,乐歌转债,2023-09-25,128.4,128.202,128.6,128.1,128.35,-0.05,-0.03894080996884735,340,1.676712328767,3.071232876712329,1.402415270744059,-0.0132,101.55357628,26.79642372,26.38648947833982,35.47,2.81928390188892,40.00563856780378,88.34436143219622,220.8297744890768,4.9871,1.5485,-88.34436143219622,39.39362849960263,6,2020-10-21,0.5,深交所,可转债
113566.SH,翔港转债,2023-09-25,122.051,120.946,123.068,120.946,122.0,-0.051,-0.04178581084956289,210,1.035616438356,2.427397260273973,1.475409836065574,0,101.48400123,20.51599877,20.21599318251477,10.74,9.31098696461825,86.40595903165736,35.59404096834265,41.19396551724138,158.7087,3.2474,-35.59404096834265,85.14244411375714,6,2020-02-28,0.5,上交所,可转债
127037.SZ,银轮转债,2023-09-25,187.279,189.194,194.45,185.802,187.2,-0.079,-0.042183053091911,111,0.304109589041,3.699453551912568,0.5341880341880342,-12.6755,100.69669321,86.50330679,85.9048137852947,10.61,9.42507068803016,178.13383600377,9.066163996229971,5.08952380952381,26.5296,3.0553,-9.066163996229971,176.9013761278904,6,2021-06-07,0.3,深交所,可转债
110084.SH,贵燃转债,2023-09-25,126.714,126.667,127.188,126.426,126.66,-0.054,-0.04261565415029121,273,0.37397260274,4.254794520547946,0.3947576188220432,-2.3291,98.63303672,28.02696328,28.41539124417622,7.18,13.92757660167131,115.7381615598886,10.92183844011142,9.43667870036101,33.0395,3.1831,-10.92183844011142,117.3421861565985,6,2021-12-27,0.3,上交所,可转债
128048.SZ,张行转债,2023-09-25,117.05,116.896,117.77,116.08,117.0,-0.05,-0.04271678769756514,318,1.568219178082,1.131506849315068,1.538461538461539,-4.7632,107.55570962,9.44429038,8.780835915979893,4.33,23.09468822170901,104.8498845265589,12.15011547344111,11.58810572687225,5.6885,0.7191,-12.15011547344111,97.48425713241916,6,2018-11-09,0.4,深交所,可转债
128035.SZ,大族转债,2023-09-25,104.201,104.201,104.248,104.12,104.156,-0.045,-0.04318576597153578,232,1.271232876712,0.3671232876712329,4.800491570336803,2.2071,104.01509669,0.14090331,0.1354642878619238,51.59,1.938360147315371,44.892421011824,59.263578988176,132.0124369602764,28.7467,1.5296,-59.263578988176,43.15952437713779,6,2018-02-06,0.2,深交所,可转债
113658.SH,密卫转债,2023-09-25,110.519,110.518,110.9,110.2,110.458,-0.061,-0.05519412951619179,10,0.013698630137,3.975409836065574,0.4526607398287132,1.0302,91.25766953,19.20033047,21.03968967089182,134.06,0.7459346561241236,56.22855437863643,54.22944562136357,96.44467338816662,24.4539,3.1793,-54.22944562136357,61.61515483381031,5,2022-09-16,0.3,上交所,可转债
127045.SZ,牧原转债,2023-09-25,117.55,117.51,117.823,117.303,117.485,-0.065,-0.05529561888558061,41,0.089863013699,3.890710382513661,0.6809379920840959,-1.5857,97.7056826,19.7793174,20.24377382529028,46.55,2.148227712137487,85.52094522019334,31.96405477980666,37.37570334086913,-39.1433,3.4456,-31.96405477980666,87.52914154472458,6,2021-08-16,0.2,深交所,可转债
113663.SH,新化转债,2023-09-25,127.539,127.575,127.733,127.13,127.465,-0.074,-0.05802146794313896,302,0.248219178082,5.175342465753425,0.2353587259247637,-1.1321,88.25344095,39.21155905,44.43062913797924,31.86,3.138731952291274,96.61016949152543,30.85483050847458,31.93745614035088,20.707,2.8681,-30.85483050847458,109.4690115779847,6,2022-11-28,0.3,上交所,可转债
113584.SH,家悦转债,2023-09-25,106.147,106.177,106.454,105.902,106.084,-0.063,-0.05935165383854466,113,0.464383561644,2.693989071038252,1.413973832057615,2.5137,104.0108347,2.0731653,1.993220519746488,35.8,2.793296089385475,32.17877094972067,73.90522905027933,229.6707638888889,20.2837,3.007,-73.90522905027933,30.93790280842797,6,2020-06-05,0.4,上交所,可转债
110072.SH,广汇转债,2023-09-25,94.073,94.079,94.13,93.972,94.015,-0.058,-0.06165424723353141,39,0.160273972603,2.896174863387978,1.595490081369994,6.7621,103.96955472,-9.95455472,-9.574490096460037,4.03,24.81389578163772,50.86848635235732,43.14651364764268,84.81973170731708,13.8324,0.432,-43.14651364764268,48.92632895211588,6,2020-08-18,0.2,上交所,可转债
110082.SH,宏发转债,2023-09-25,112.206,112.252,112.5,111.781,112.135,-0.071,-0.0632764736288612,333,0.456164383562,4.090410958904109,0.4458911133901101,1.0228,101.1502836,10.9847164,10.85979792547018,50.96,1.962323390894819,64.75667189952904,47.37832810047096,73.16362424242425,24.3664,4.586,-47.37832810047096,64.02025737822947,6,2021-10-28,0.3,上交所,可转债
127031.SZ,洋丰转债,2023-09-25,110.771,110.77,111.016,110.6,110.7,-0.071,-0.06409619846349676,185,0.506849315068,3.497267759562841,0.9033423667570009,1.4495,103.35822338,7.34177662,7.103234150037303,17.38,5.753739930955121,60.93210586881473,49.76789413118527,81.67762039660056,10.0137,1.5459,-49.76789413118527,58.95235412938145,6,2021-03-25,0.3,深交所,可转债
128138.SZ,侨银转债,2023-09-25,117.85,117.801,117.902,117.713,117.773,-0.077,-0.06533729316928298,313,0.857534246575,3.145205479452055,0.8490910480330806,4.6703,113.89858973,3.87441027,3.401631468119496,25.13,3.979307600477517,44.52845204934341,73.24454795065658,164.4893199285076,11.453,2.236,-73.24454795065658,39.09482299552561,6,2020-11-17,0.4,深交所,可转债
128131.SZ,崇达转2,2023-09-25,111.47,111.5,112.348,111.03,111.397,-0.073,-0.06548847223468197,19,0.078082191781,2.950819672131148,1.346535364507123,0.5841,102.90223304,8.49476696,8.255182330880931,16.91,5.913660555884093,66.58781785925488,44.80918214074512,67.29336323268205,20.044,1.7945,-44.80918214074512,64.70978898326818,6,2020-09-07,0.3,深交所,可转债
113656.SH,嘉诚转债,2023-09-25,114.894,115.0,115.258,114.336,114.815,-0.079,-0.06875903006249239,25,0.027397260274,4.934426229508197,0.3483865348604276,0.8613,89.09905561,25.71594439,28.86219636554013,22.9,4.366812227074236,75.19650655021834,39.61849344978166,52.68661440185831,18.7996,1.7639,-39.61849344978166,84.39652478401655,6,2022-09-01,0.3,上交所,可转债
113627.SH,太平转债,2023-09-25,116.111,116.499,116.527,115.33,116.031,-0.08,-0.06889958746372006,73,0.2,3.80327868852459,0.8618386465685894,-0.4016,100.23786601,15.79313399,15.7556566382054,21.81,4.585052728106374,85.64878496102705,30.38221503897295,35.47302516059957,17.6528,2.0672,-30.38221503897295,85.4455390665265,6,2021-07-15,0.3,上交所,可转债
123038.SZ,联得转债,2023-09-25,145.0,145.0,145.868,144.253,144.9,-0.1,-0.06896551724137931,275,1.280821917808,2.249315068493151,1.173222912353347,-9.3116,98.56397594,46.33602406,47.01111498201602,23.96,4.173622704507513,103.4223706176962,41.47762938230384,40.10508474576271,28.3212,2.8921,-41.47762938230384,104.9291788722623,6,2019-12-25,0.5,深交所,可转债
128124.SZ,科华转债,2023-09-25,100.23,100.226,100.297,100.125,100.16,-0.07,-0.0698393694502644,60,0.197260273973,2.83879781420765,1.198083067092652,2.9631,87.23875065,12.92124935,14.81136450685748,20.64,4.844961240310077,44.08914728682171,56.0708527131783,127.1760879120879,110.7558,1.0627,-56.0708527131783,50.53849001541347,6,2020-07-28,0.3,深交所,可转债
113633.SH,科沃转债,2023-09-25,108.987,108.958,109.132,108.847,108.91,-0.077,-0.07065062805655721,300,0.41095890411,4.18082191780822,0.459094665319989,1.2948,98.99899906,9.91100094,10.01121327902848,175.34,0.5703205201323144,27.75749971483974,81.15250028516026,292.3624286007808,24.0346,4.2422,-81.15250028516026,28.03816197981643,6,2021-11-30,0.3,上交所,可转债
123104.SZ,卫宁转债,2023-09-25,113.74,113.84,113.99,113.54,113.658,-0.082,-0.0720942500439599,194,0.531506849315,3.472677595628416,0.8798324798958278,2.6609,110.54473572,3.11326428,2.81629356633103,17.71,5.64652738565782,39.92094861660079,73.7370513833992,184.7076633663366,457.5961,2.9537,-73.7370513833992,36.11293505438107,6,2021-03-16,0.3,深交所,可转债
113546.SH,迪贝转债,2023-09-25,127.264,127.276,127.899,126.6,127.169,-0.095,-0.0746479758612019,338,1.481643835616,2.076712328767123,1.258168264278244,-3.3715,101.51773918,25.65126082,25.26776209477836,13.72,7.288629737609329,105.2478134110787,21.92118658892128,20.82816343490305,64.2576,2.4886,-21.92118658892128,103.6743078216754,6,2019-10-23,0.5,上交所,可转债
113636.SH,甬金转债,2023-09-25,117.97,118.104,118.394,117.629,117.876,-0.094,-0.0796812749003984,287,0.393150684932,4.216438356164383,0.4241745563134141,0.4937,94.15241324,23.72358676,25.19700339440816,27.66,3.615328994938539,75.234996384671,42.641003615329,56.6770860163383,18.5853,1.5104,-42.641003615329,79.90766651184246,6,2021-12-13,0.3,上交所,可转债
113596.SH,城地转债,2023-09-25,97.106,97.1,97.143,96.98,97.028,-0.078,-0.08032459374292011,60,0.246575342466,2.83879781420765,1.545945500267964,5.1052,80.17859446,16.84940554,21.01484274385221,24.26,4.122011541632316,31.07996702390767,65.94803297609234,212.1882334217507,294.3681,1.0966,-65.94803297609234,38.76342212435893,6,2020-07-28,0.4,上交所,可转债
113598.SH,法兰转债,2023-09-25,141.181,141.181,142.127,140.024,141.066,-0.115,-0.08145571996231787,57,0.234246575342,2.846994535519126,1.063332057334865,-5.8886,101.81916161,39.24683839,38.5456310672916,7.68,13.02083333333333,117.578125,23.487875,19.97639867109634,18.9048,2.2945,-23.487875,115.4774043910928,6,2020-07-31,0.4,上交所,可转债
113608.SH,威派转债,2023-09-25,110.14,110.14,110.238,109.8,110.046,-0.094,-0.08534592337025604,321,1.055342465753,3.123287671232877,1.090453083256093,3.001,94.61206512,15.43393488,16.3128612195755,17.62,5.675368898978434,41.54370034052214,68.50229965947787,164.8921475409836,-30.1378,2.0081,-68.50229965947787,43.90951649541812,6,2020-11-09,0.5,上交所,可转债
110063.SH,鹰19转债,2023-09-25,112.722,112.722,112.9,112.375,112.624,-0.098,-0.08693955039832509,287,1.179452054795,2.216438356164383,1.331865321778662,0.7633,107.61132482,5.01267518,4.658129791064866,2.37,42.19409282700422,88.60759493670886,24.01640506329114,27.10422857142857,-17.3155,0.731,-24.01640506329114,82.34039966046471,6,2019-12-13,0.3,上交所,可转债
128039.SZ,三力转债,2023-09-25,115.777,116.187,116.187,115.24,115.67,-0.107,-0.09241904696096807,110,0.602739726027,0.7021857923497268,null,-11.9057,100.70544063,14.96455937,14.85973277747824,5.72,17.48251748251748,91.08391608391608,24.58608391608392,26.99278310940499,34.8497,1.5409,-24.58608391608392,90.44587413957684,6,2018-06-08,0.3,深交所,可转债
123173.SZ,恒锋转债,2023-09-25,139.95,139.522,140.609,139.174,139.82,-0.13,-0.09289031797070382,270,0.369863013699,5.263013698630137,0.3576026319553712,-2.6907,70.9154213,68.9045787,97.16444947637926,13.81,7.24112961622013,103.6929761042723,36.12702389572773,34.84037709497207,423.5001,4.326,-36.12702389572773,146.2206304403246,6,2022-12-30,0.5,深交所,可转债
113650.SH,博22转债,2023-09-25,107.65,107.65,107.813,107.489,107.544,-0.106,-0.09846725499303298,87,0.119178082192,4.765027322404372,0.4649259837833817,2.3697,90.3577311,17.1862689,19.02025282261653,23.65,4.228329809725159,50.40169133192389,57.14230866807611,113.3737919463087,25.8273,1.2358,-57.14230866807611,55.7801648163827,6,2022-07-01,0.3,上交所,可转债
113053.SH,隆22转债,2023-09-25,105.499,105.465,105.6,105.25,105.395,-0.104,-0.0985791334515019,264,0.289315068493,4.279452054794521,0.3795246453816595,1.2395,97.80059442,7.59440558,7.765193683165347,58.44,1.711156741957563,44.79808350444901,60.59691649555099,135.2667608861727,10.8124,2.9122,-60.59691649555099,45.80553295214727,6,2022-01-05,0.2,上交所,可转债
128116.SZ,瑞达转债,2023-09-25,108.0,107.819,107.998,106.992,107.889,-0.111,-0.1027777777777778,89,0.365753424658,2.759562841530055,1.390317826655173,1.8514,103.8082419,4.0807581,3.931054052462476,29.0,3.448275862068965,53.41379310344828,54.47520689655173,101.9871530019367,29.3722,2.8372,-54.47520689655173,51.45428929901593,6,2020-06-29,0.4,深交所,可转债
127060.SZ,湘佳转债,2023-09-25,106.91,106.91,107.09,106.204,106.8,-0.11,-0.102890281545225,160,0.175342465753,4.565573770491803,0.3745318352059925,1.4623,78.48330054,28.31669946,36.0799039606751,42.36,2.360717658168083,74.57507082152975,32.22492917847026,43.21139601139601,-19.2693,1.9984,-32.22492917847026,95.0203040754149,6,2022-04-19,0.2,深交所,可转债
118026.SH,利元转债,2023-09-25,103.29,103.45,103.55,103.1,103.183,-0.107,-0.1035918288314455,337,0.184657534247,5.079452054794521,0.1938303790353062,2.0852,75.25158024,27.93141976,37.11738633383946,124.62,0.8024394158241053,35.45177339110897,67.73122660889103,191.0517306473518,-86.5349,2.2943,-67.73122660889103,47.11100189264141,6,2022-10-24,0.2,上交所,可转债
113575.SH,东时转债,2023-09-25,146.199,146.1,147.256,145.423,146.028,-0.171,-0.1169638643219174,170,0.698630136986,2.538251366120218,1.027200262963267,-10.2409,103.02378657,43.00421343,41.74202372262893,12.15,8.23045267489712,45.67901234567901,100.348987654321,219.6829189189189,424.2742,1.8135,-100.348987654321,44.33831629226926,6,2020-04-09,0.4,上交所,可转债
118005.SH,天奈转债,2023-09-25,103.658,103.61,103.76,103.47,103.536,-0.122,-0.117694726890351,242,0.331506849315,4.33972602739726,0.482923813939113,2.4587,89.11724906,14.41875094,16.17952875799867,103.8,0.9633911368015414,24.77842003853565,78.75757996146436,317.8474650077761,49.1761,3.6619,-78.75757996146436,27.80429187379098,6,2022-01-27,0.3,上交所,可转债
128066.SZ,亚泰转债,2023-09-25,116.524,116.55,116.73,116.112,116.38,-0.144,-0.1235796917373245,162,0.887671232877,1.560109289617486,1.718508334765424,-1.3304,105.23029816,11.14970184,10.59552432612817,8.77,11.40250855188141,93.38654503990878,22.99345496009122,24.62180708180708,131.3376,2.0353,-22.99345496009122,88.7449210662854,6,2019-04-17,0.5,深交所,可转债
127024.SZ,盈峰转债,2023-09-25,107.35,107.413,107.8,107.107,107.213,-0.137,-0.127619934792734,326,0.714520547945,3.10958904109589,0.7461781686922295,2.0655,103.96354692,3.24945308,3.125569660008287,7.98,12.53132832080201,62.531328320802,44.681671679198,71.45485771543086,21.2695,0.9308,-44.681671679198,60.14735950565432,6,2020-11-04,0.2,深交所,可转债
113063.SH,赛轮转债,2023-09-25,146.962,147.5,151.21,145.349,146.774,-0.188,-0.1279242253099441,328,0.269589041096,5.104109589041096,0.204395873928625,-4.7343,95.26304776,51.51095224,54.0723328207739,8.89,11.24859392575928,136.8953880764904,9.878611923509562,7.216175842235004,18.1583,3.0173,-9.878611923509562,143.702507210746,6,2022-11-02,0.3,上交所,可转债
113064.SH,东材转债,2023-09-25,130.24,129.77,130.62,129.236,130.073,-0.167,-0.1282248157248157,314,0.258082191781,5.142465753424657,0.2306397176969856,-2.0596,96.7715275,33.3014725,34.41246961819426,11.65,8.583690987124463,96.56652360515021,33.50647639484978,34.69781777777778,23.4353,2.4837,-33.50647639484978,99.7881568058851,6,2022-11-16,0.3,上交所,可转债
123213.SZ,天源转债,2023-09-25,118.372,118.372,118.803,118.01,118.218,-0.154,-0.1300983340654885,60,0.049315068493,5.83879781420765,0.2537684616555854,-0.1357,82.58516123,35.63283877,43.14678113997066,10.3,9.70873786407767,95.33980582524272,22.87819417475728,23.99647657841141,25.4092,1.8997,-22.87819417475728,115.4442328443496,6,2023-07-28,0.3,深交所,可转债
123108.SZ,乐普转2,2023-09-25,112.182,112.344,113.0,111.5,112.036,-0.146,-0.1301456561658733,180,0.493150684932,2.510928961748634,0.8925702452783034,-0.6279,102.59982281,9.43617719,9.197069674744402,28.39,3.522367030644593,58.18950334624868,53.84649665375132,92.53644309927361,16.1561,2.0035,-53.84649665375132,56.71501348887045,5,2021-03-30,0.3,深交所,可转债
123063.SZ,大禹转债,2023-09-25,122.2,122.3,122.3,121.658,122.04,-0.16,-0.1309328968903437,60,0.295890410959,2.83879781420765,1.474926253687316,0.66,106.42063873,15.61936127,14.67700387481033,4.63,21.59827213822894,106.2634989200864,15.77650107991361,14.84658536585366,86.1827,2.3404,-15.77650107991361,99.85234085061988,6,2020-07-28,0.4,深交所,可转债
128026.SZ,众兴转债,2023-09-25,107.093,107.238,107.238,106.826,106.951,-0.142,-0.1325950342225916,287,1.572602739726,0.2164383561643836,5.610045721872633,-4.1083,104.872086,2.078914,1.982333029973295,11.12,8.992805755395684,79.22661870503597,27.72438129496403,34.99377071509648,8.765,1.0253,-27.72438129496403,75.54595481683846,6,2017-12-13,0.4,深交所,可转债
123126.SZ,瑞丰转债,2023-09-25,112.3,112.21,112.259,112.01,112.151,-0.149,-0.1326803205699021,16,0.078904109589,3.959016393442623,1.60497900152473,3.5666,93.81205961,18.33894039,19.54859584816656,17.54,5.701254275940707,52.56556442417332,59.58543557582668,113.3545054229935,25.0539,2.3374,-59.58543557582668,56.0328433707792,6,2021-09-10,0.5,深交所,可转债
123124.SZ,晶瑞转2,2023-09-25,113.289,113.288,114.109,112.976,113.135,-0.154,-0.135935527721138,41,0.044931506849,3.890710382513661,0.3535599063066248,-0.5655,81.02810962,32.10689038,39.6243853282184,17.41,5.743825387708213,61.91843767949455,51.21656232050546,82.71617346938775,500.3445,5.4088,-51.21656232050546,76.41599683106928,6,2021-08-16,0.2,深交所,可转债
110060.SH,天路转债,2023-09-25,133.463,132.9,134.68,132.5,133.279,-0.184,-0.1378659253875606,333,1.368493150685,2.09041095890411,1.125458624389439,-7.6144,106.42319471,26.85580529,25.23491740985719,4.17,23.98081534772182,116.5467625899281,16.73223741007194,14.35667283950617,-12.3619,1.6141,-16.73223741007194,109.5125577723113,6,2019-10-25,0.4,上交所,可转债
123087.SZ,明电转债,2023-09-25,122.269,122.808,123.123,121.5,122.1,-0.169,-0.1382198267753887,285,0.780821917808,3.221917808219178,0.819000819000819,-0.549,100.35216002,21.74783998,21.67152154539145,15.57,6.422607578676943,91.07257546563905,31.02742453436095,34.06889985895628,35.3965,2.3676,-31.02742453436095,90.7529797539868,6,2020-12-15,0.4,深交所,可转债
123067.SZ,斯莱转债,2023-09-25,135.489,135.501,135.899,134.399,135.301,-0.188,-0.138756651831514,9,0.03698630137,2.978142076502732,1.108639256176969,-4.282,100.91224514,34.38875486,34.07788104633978,9.66,10.351966873706,108.9026915113872,26.39830848861284,24.24027186311787,51.6136,3.0343,-26.39830848861284,107.9182128594024,6,2020-09-17,0.4,深交所,可转债
113033.SH,利群转债,2023-09-25,107.14,107.001,107.764,106.707,106.986,-0.154,-0.1437371663244353,178,0.731506849315,2.516393442622951,1.40205260501374,2.3455,104.75135145,2.23464855,2.133288515200345,6.8,14.70588235294118,78.97058823529412,28.01541176470588,35.47575418994413,93.0567,1.1539,-28.01541176470588,75.38861040183183,6,2020-04-01,0.4,上交所,可转债
113059.SH,福莱转债,2023-09-25,111.869,111.999,112.031,111.35,111.706,-0.163,-0.1457061384297705,129,0.176712328767,4.650273224043716,0.4476035306966502,0.9815,98.5177961,13.1882039,13.38662091731465,42.46,2.355157795572303,66.08572774375884,45.62027225624117,69.03195866001425,30.4081,4.4922,-45.62027225624117,67.07998997123204,6,2022-05-20,0.3,上交所,可转债
111003.SH,聚合转债,2023-09-25,119.943,120.1,120.199,119.399,119.754,-0.189,-0.1575748480528251,203,0.333698630137,4.448087431693989,0.5010271055664112,0.1617,92.84960875,26.90439125,28.97631084525168,14.21,7.037297677691766,65.3061224489796,54.44787755102041,83.3733125,14.6057,1.8136,-54.44787755102041,70.33537709869951,6,2022-03-07,0.4,上交所,可转债
118017.SH,深科转债,2023-09-25,127.96,128.3,129.864,127.501,127.758,-0.202,-0.1578618318224445,49,0.067123287671,0.2931506849315069,0.165741976142222,-1.1652,97.78525092,29.97274908,30.65160522471971,26.68,3.748125937031484,91.56671664167916,36.19128335832084,39.52449611133852,-44.0245,2.7903,-36.19128335832084,93.64062144360774,6,2022-08-08,0.3,上交所,可转债
111004.SH,明新转债,2023-09-25,132.594,132.7,133.742,131.214,132.379,-0.215,-0.1621491168529496,180,0.295890410959,4.510928961748633,0.4532440946071507,-2.085,92.49893029,39.88006971,43.11408746562706,24.41,4.096681687832856,114.092585006145,18.28641499385498,16.02769802513465,135.8631,2.6465,-18.28641499385498,123.3447615539393,6,2022-03-30,0.4,上交所,可转债
128129.SZ,青农转债,2023-09-25,102.303,102.26,102.318,102.081,102.136,-0.167,-0.1632405696802635,32,0.105205479452,2.915300546448087,1.174904049502624,2.8691,102.13335127,0.00264873,0.00259340359154358,4.22,23.69668246445498,66.35071090047393,35.78528909952607,53.93354285714286,4.1114,0.487,-35.78528909952607,64.96478385896593,6,2020-08-25,0.2,深交所,可转债
123091.SZ,长海转债,2023-09-25,122.4,122.505,122.505,120.297,122.2,-0.2,-0.1633986928104575,277,0.758904109589,3.243835616438356,0.8183306055646481,-1.8126,103.61815765,18.58184235,17.93299820362131,15.79,6.333122229259025,84.86383787207093,37.33616212792907,43.99537313432836,13.0097,1.2798,-37.33616212792907,81.90054696660681,6,2020-12-23,0.3,深交所,可转债
113534.SH,鼎胜转债,2023-09-25,194.192,193.95,195.296,190.732,193.871,-0.321,-0.1653003213314658,170,0.838356164384,1.538251366120219,0.9284524245503454,-30.305,103.37098511,90.50001489,87.54875925163755,7.84,12.75510204081633,185.9693877551021,7.901612244897959,4.248877914951989,18.3644,2.0701,-7.901612244897959,179.9048229609176,6,2019-04-08,0.4,上交所,可转债
113516.SH,苏农转债,2023-09-25,111.292,111.35,111.35,111.039,111.101,-0.191,-0.1716206016604967,55,0.301369863014,0.8524590163934426,null,-1.1625,107.53979688,3.56120312,3.311521151535952,5.04,19.84126984126984,88.88888888888889,22.21211111111111,24.988625,4.1711,0.5404,-22.21211111111111,82.65673868444905,6,2018-08-02,0.5,上交所,可转债
113048.SH,晶科转债,2023-09-25,111.29,111.29,112.0,110.62,111.099,-0.191,-0.1716236858657561,156,0.427397260274,3.576502732240437,0.9000981106940656,1.3126,102.98605481,8.11294519,7.877712380542835,5.25,19.04761904761905,69.33333333333333,41.76566666666667,60.23894230769231,47.2139,0.8697,-41.76566666666667,67.32303073580893,6,2021-04-23,0.3,上交所,可转债
123117.SZ,健帆转债,2023-09-25,109.088,109.186,109.57,108.742,108.898,-0.19,-0.1741713112349663,95,0.260273972603,3.743169398907104,0.9182905103858656,1.3265,100.54275098,8.35524902,8.310145623190705,61.72,1.620220349967596,37.20025923525599,71.69774076474401,192.7345191637631,33.4071,5.9451,-71.69774076474401,36.99944438824424,6,2021-06-23,0.3,深交所,可转债
127025.SZ,冀东转债,2023-09-25,106.9,106.82,107.22,106.325,106.706,-0.194,-0.1814780168381665,325,0.712328767123,3.112328767123288,0.7497235394448297,0.8498,100.34663033,6.35936967,6.337402311454378,13.11,7.627765064836003,58.35240274599542,48.35359725400458,82.86479215686275,-27.5566,0.6861,-48.35359725400458,58.15083431710429,6,2020-11-05,0.2,深交所,可转债
123191.SZ,智尚转债,2023-09-25,136.649,136.407,139.3,136.0,136.4,-0.249,-0.1822186770484965,169,0.092602739726,5.540983606557377,0.1466275659824047,-2.8445,83.44305068,52.95694932,63.46478093554764,12.17,8.216926869350862,89.5645028759244,46.83549712407559,52.29247706422019,25.4001,2.1475,-46.83549712407559,107.336083887201,6,2023-04-10,0.2,深交所,可转债
123202.SZ,祥源转债,2023-09-25,125.5,125.639,125.656,124.111,125.27,-0.23,-0.1832669322709163,85,0.046575342466,5.770491803278689,0.159655144887044,-0.7389,74.55557803,50.71442197,68.02230404490099,19.64,5.091649694501018,104.5824847250509,20.68751527494909,19.78105160662123,57.454,2.2733,-20.68751527494909,140.2745273907856,6,2023-07-03,0.2,深交所,可转债
113045.SH,环旭转债,2023-09-25,115.662,115.619,116.0,114.681,115.45,-0.212,-0.1832926976880912,206,0.338630136986,3.439890710382514,0.5197055002165439,-0.9708,100.53095245,14.91904755,14.84025286383328,19.07,5.243838489774515,74.04299947561616,41.40700052438385,55.92291076487252,20.3111,2.0188,-41.40700052438385,73.65194268147626,6,2021-03-04,0.1,上交所,可转债
118042.SH,奥维转债,2023-09-25,116.465,116.45,116.598,115.803,116.251,-0.214,-0.1837461898424419,47,0.025753424658,5.874316939890711,0.1720415308255413,0.5352,84.14348484,32.10751516,38.15805254685242,180.9,0.552791597567717,76.83803206191266,39.41296793808734,51.29356762589928,20.5933,7.7811,-39.41296793808734,91.31786282446139,6,2023-08-10,0.2,上交所,可转债
128063.SZ,未来转债,2023-09-25,122.425,122.051,122.735,121.91,122.2,-0.225,-0.1837859914233204,176,1.687671232877,1.521857923497268,2.864157119476269,0.7111,114.35932638,7.84067362,6.856173316329742,6.0,16.66666666666667,98.66666666666667,23.53333333333334,23.85135135135135,655.3465,2.3164,-23.53333333333334,86.27776132469614,6,2019-04-03,0.5,深交所,可转债
123142.SZ,申昊转债,2023-09-25,114.15,114.15,114.49,113.673,113.939,-0.211,-0.184844502847131,192,0.26301369863,4.478142076502732,0.4388313044699357,0.3506,80.49386734,33.44513266,41.54991400615688,33.91,2.948982601002654,70.18578590386316,43.75321409613683,62.33913823529412,71.1678,2.9322,-43.75321409613683,87.19395430139258,6,2022-03-18,0.3,深交所,可转债
128117.SZ,道恩转债,2023-09-25,116.161,116.228,116.228,115.764,115.945,-0.216,-0.1859488124241355,86,0.353424657534,2.76775956284153,1.293716848505757,1.7315,104.38872805,11.55627195,11.07042126661874,27.92,3.581661891117479,48.42406876790831,67.52093123209168,139.4367159763314,46.392,2.061,-67.52093123209168,46.38821611535893,6,2020-07-02,0.4,深交所,可转债
123109.SZ,昌红转债,2023-09-25,113.09,112.999,113.19,112.7,112.878,-0.212,-0.1874613139977009,178,0.487671232877,3.516393442622951,0.8859122238168642,1.7923,98.43263359,14.44536641,14.67538344058645,26.9,3.717472118959108,53.3457249070632,59.5322750929368,111.5970871080139,89.7469,6.5238,-59.5322750929368,54.195161666875,6,2021-04-01,0.4,深交所,可转债
111007.SH,永和转债,2023-09-25,135.855,135.472,136.141,134.725,135.6,-0.255,-0.1877001214530198,350,0.287671232877,5.043835616438356,0.2212389380530974,-2.389,89.02896957,46.57103043,52.30997354561429,23.83,4.196391103650861,112.127570289551,23.47242971044901,20.93368263473054,46.0322,4.2709,-23.47242971044901,125.9450388240082,6,2022-10-11,0.3,上交所,可转债
111000.SH,起帆转债,2023-09-25,119.234,119.881,119.902,118.521,119.01,-0.224,-0.1878658771826828,125,0.342465753425,3.66120218579235,0.8402655239055542,0.1144,97.0093476,22.0006524,22.67889945071644,19.75,5.063291139240507,88.81012658227849,30.19987341772152,34.00498859749145,14.8191,1.7471,-30.19987341772152,91.5480093201642,6,2021-05-24,0.4,上交所,可转债
113655.SH,欧22转债,2023-09-25,119.583,119.583,120.131,119.118,119.358,-0.225,-0.1881538345751486,52,0.071232876712,4.860655737704918,0.4189078235225121,-0.4525,97.60152912,21.75647088,22.29111682589589,123.69,0.808472794890452,77.88018433179724,41.47781566820277,53.25849704142012,25.9065,3.6858,-41.47781566820277,79.79402068183215,6,2022-08-05,0.3,上交所,可转债
123113.SZ,仙乐转债,2023-09-25,108.168,108.123,108.298,107.959,107.961,-0.207,-0.1913689815842024,160,0.438356164384,3.565573770491803,0.9262604088513444,2.4516,96.00901195,11.95198805,12.44881892569044,56.07,1.783484929552345,46.10308542892813,61.85791457107187,134.1730471953578,23.0559,1.786,-61.85791457107187,48.01953951253857,6,2021-04-19,0.4,深交所,可转债
128130.SZ,景兴转债,2023-09-25,119.802,119.729,120.243,119.301,119.57,-0.232,-0.1936528605532462,26,0.106849315068,2.931693989071038,1.254495274734465,-1.8466,103.05105904,16.51894096,16.02986045353309,3.4,29.41176470588235,101.1764705882353,18.39352941176471,18.1796511627907,62.8025,0.7584,-18.39352941176471,98.18091296758331,6,2020-08-31,0.3,深交所,可转债
128118.SZ,瀛通转债,2023-09-25,111.943,112.0,112.28,111.553,111.726,-0.217,-0.1938486551191231,86,0.424109589041,2.76775956284153,1.611084259706783,2.6066,96.8398981,14.8861019,15.37186861207571,21.35,4.68384074941452,57.28337236533958,54.44262763466042,95.04089125102207,-41.7021,2.1357,-54.44262763466042,59.15265659014523,6,2020-07-02,0.4,深交所,可转债
127053.SZ,豪美转债,2023-09-25,125.972,125.722,126.224,125.0,125.724,-0.248,-0.1968691455244022,245,0.402739726027,4.331506849315068,0.4772358499570488,-0.3819,96.09920167,29.62479833,30.82730950432879,17.97,5.564830272676684,104.8970506399555,20.82694936004452,19.85465676392573,32.6717,2.2176,-20.82694936004452,109.1549657198682,6,2022-01-24,0.3,深交所,可转债
127049.SZ,希望转2,2023-09-25,109.52,109.519,109.617,109.252,109.3,-0.22,-0.2008765522279036,328,0.359452054795,4.104109589041096,0.3659652333028363,0.3836,98.4110367,10.8889633,11.06477857071493,14.39,6.949270326615705,77.69284225156359,31.60715774843641,40.68220035778175,-8.5196,2.3025,-31.60715774843641,78.94728564683801,6,2021-11-02,0.2,深交所,可转债
127073.SZ,天赐转债,2023-09-25,109.923,110.25,110.25,108.9,109.702,-0.221,-0.2010498257871419,3,0.004109589041,3.994535519125683,0.4557802045541558,0.4804,97.09546198,12.60653802,12.98365316248944,48.23,2.073398299813394,58.07588637777317,51.62611362222683,88.89423277400928,20.9293,4.2541,-51.62611362222683,59.81318301954813,5,2022-09-23,0.3,深交所,可转债
123130.SZ,设研转债,2023-09-25,128.3,128.4,128.505,127.237,128.039,-0.261,-0.2034294621979735,319,0.43698630137,4.128767123287672,0.3905060176977327,-2.2445,101.01103779,27.02796221,26.75743443621539,8.96,11.16071428571429,102.2321428571429,25.80685714285714,25.24338864628821,23.0731,1.0685,-25.80685714285714,101.208882805146,6,2021-11-11,0.3,深交所,可转债
113054.SH,绿动转债,2023-09-25,108.48,108.258,108.88,107.571,108.259,-0.221,-0.2037241887905605,213,0.233424657534,4.419178082191781,0.3694842922990236,1.0527,98.12433172,10.13466828,10.32839470328267,9.6,10.41666666666667,73.64583333333333,34.61316666666667,46.99949080622348,13.5304,1.346,-34.61316666666667,75.05358970849696,6,2022-02-25,0.2,上交所,可转债
113638.SH,台21转债,2023-09-25,114.274,114.223,114.6,113.747,114.039,-0.235,-0.2056460787230691,271,0.371232876712,4.260273972602739,0.4384464963740475,0.5745,100.32578251,13.71321749,13.66868729743835,16.6,6.024096385542169,66.32530120481928,47.71369879518073,71.93891008174387,26.7706,2.3756,-47.71369879518073,66.10992662649632,6,2021-12-29,0.3,上交所,可转债
123135.SZ,泰林转债,2023-09-25,128.363,128.36,128.584,127.93,128.099,-0.264,-0.2056667419739333,272,0.596164383562,4.257534246575342,0.6245169751520309,-1.3627,85.9921141,42.1068859,48.96598524259331,41.53,2.407897905128822,60.58271129304118,67.51628870695882,111.4448120031797,58.9454,4.6285,-67.51628870695882,70.45147328578258,6,2021-12-28,0.5,深交所,可转债
127051.SZ,博杰转债,2023-09-25,112.176,112.0,112.93,111.8,111.941,-0.235,-0.2094922265012124,313,0.514520547945,4.145205479452055,0.5359966410877158,1.877,95.02392903,16.91707097,17.80295883646225,61.87,1.616292225634395,55.32568288346533,56.61531711653467,102.3309865614958,275.7146,2.9542,-56.61531711653467,58.22289548351391,6,2021-11-17,0.4,深交所,可转债
128120.SZ,联诚转债,2023-09-25,125.37,125.63,126.8,125.101,125.101,-0.269,-0.2145648879317221,71,0.350136986301,2.808743169398907,1.438837419365153,-2.6997,88.1726786,36.9283214,41.88181870659422,17.44,5.73394495412844,87.55733944954129,37.54366055045872,42.87894171578258,-571.9997,1.8212,-37.54366055045872,99.30212038442176,6,2020-07-17,0.5,深交所,可转债
113574.SH,华体转债,2023-09-25,114.18,114.257,114.498,113.833,113.934,-0.246,-0.2154492905937993,179,0.882739726027,2.513661202185793,1.579862025383117,0.0235,94.1697927,19.7642073,20.98784199617337,30.71,3.256268316509281,44.25268642136112,69.68131357863888,157.4623355408388,47.7364,2.6333,-69.68131357863888,46.99244327991509,6,2020-03-31,0.5,上交所,可转债
128137.SZ,洁美转债,2023-09-25,129.107,129.417,129.99,128.601,128.828,-0.279,-0.2160998241768456,326,0.893150684932,3.10958904109589,0.7762287701431366,-3.3041,97.93975744,30.88824256,31.53800189766939,26.95,3.710575139146568,95.39888682745826,33.42911317254175,35.04140801244652,55.4612,4.0615,-33.42911317254175,97.40568010483553,6,2020-11-04,0.4,深交所,可转债
128037.SZ,岩土转债,2023-09-25,109.248,109.25,109.25,108.948,109.011,-0.237,-0.2169376098418278,195,1.068493150685,0.4699453551912569,7.338708937630147,-1.9735,106.66687656,2.34412344,2.197611400650167,3.1,32.25806451612903,85.80645161290323,23.20454838709678,27.0428947368421,-12.4358,1.8359,-23.20454838709678,80.44339009461592,6,2018-03-15,0.3,深交所,可转债
123100.SZ,朗科转债,2023-09-25,117.349,117.58,117.71,116.421,117.09,-0.259,-0.220709166673768,229,0.627397260274,3.375342465753425,0.8540438978563498,-0.1526,96.40250167,20.68749833,21.45950361414516,11.54,8.665511265164644,86.5684575389948,30.5215424610052,35.25711711711712,39.9828,2.6195,-30.5215424610052,89.79897413381596,6,2021-02-09,0.4,深交所,可转债
123103.SZ,震安转债,2023-09-25,115.255,115.321,115.44,114.732,115.0,-0.255,-0.2212485358552774,198,0.65095890411,3.461748633879782,1.043478260869565,1.3161,91.62699454,23.37300546,25.50886403874838,47.39,2.110149820637265,42.18189491453893,72.81810508546107,172.6288144072036,166.195,3.2328,-72.81810508546107,46.03653664109251,6,2021-03-12,0.5,深交所,可转债
113605.SH,大参转债,2023-09-25,112.641,112.9,112.94,112.253,112.391,-0.25,-0.2219440523432853,339,0.928767123288,3.073972602739726,0.889750958706658,0.562,103.39412229,8.99687771,8.701536906291,47.11,2.122691572914456,53.9800466992146,58.41095330078539,108.2084156508061,15.7845,4.5396,-58.41095330078539,52.20804191152306,6,2020-10-22,0.3,上交所,可转债
118007.SH,山石转债,2023-09-25,123.984,123.951,124.298,123.36,123.706,-0.278,-0.2242224803200413,188,0.360547945205,4.489071038251367,0.5658577595266195,-0.6534,83.62065123,40.08534877,47.93714014465706,24.52,4.078303425774878,77.89559543230017,45.81040456769983,58.81000628272251,-15.3151,2.8932,-45.81040456769983,93.15353837420737,6,2022-03-22,0.4,上交所,可转债
127088.SZ,赫达转债,2023-09-25,126.506,126.672,126.9,124.795,126.222,-0.284,-0.224495280856244,85,0.046575342466,5.770491803278689,0.1584509831883507,-0.857,84.94368661,41.27831339,48.59491627614442,17.4,5.747126436781609,98.04597701149426,28.17602298850575,28.73756154747948,18.6156,3.0133,-28.17602298850575,115.4246783067593,6,2023-07-03,0.2,深交所,可转债
123154.SZ,火星转债,2023-09-25,115.2,115.167,115.547,114.67,114.94,-0.26,-0.2256944444444445,52,0.071232876712,4.860655737704918,0.4350095702105447,0.906,89.77393001,25.16606999,28.03271505123673,33.49,2.985965959988056,58.10689758136757,56.83310241863243,97.8078417266187,29.244,5.4674,-56.83310241863243,64.7258035544339,6,2022-08-05,0.3,深交所,可转债
128125.SZ,华阳转债,2023-09-25,111.07,111.105,111.2,110.16,110.819,-0.251,-0.2259836139371567,58,0.238356164384,2.844262295081967,1.353558505310461,1.801,99.67661224,11.14238776,11.17853778293699,24.79,4.033884630899556,59.49979830576846,51.31920169423155,86.25105152542373,20.6251,2.1013,-51.31920169423155,59.69283763628086,6,2020-07-30,0.4,深交所,可转债
113565.SH,宏辉转债,2023-09-25,119.825,118.79,120.305,118.79,119.554,-0.271,-0.226163154600459,212,0.871232876712,2.421917808219178,1.254663164762367,-1.2626,101.89814532,17.65585468,17.32696372888213,5.85,17.09401709401709,86.4957264957265,33.0582735042735,38.21954545454545,61.5996,2.6063,-33.0582735042735,84.88449541853397,6,2020-02-26,0.4,上交所,可转债
127081.SZ,中旗转债,2023-09-25,117.091,117.42,117.661,115.879,116.825,-0.266,-0.2271737366663535,207,0.170136986301,5.437158469945355,0.2567943505242885,-0.0683,74.42843468,42.39656532,56.96286036684925,30.17,3.314550878355983,84.35531985415976,32.46968014584024,38.49156188605108,39.0879,2.0815,-32.46968014584024,113.3374901901938,6,2023-03-03,0.3,深交所,可转债
118015.SH,芯海转债,2023-09-25,110.01,110.25,110.392,109.526,109.76,-0.25,-0.2272520679938188,67,0.128493150685,4.819672131147541,0.6377551020408163,2.1073,81.72768324,28.03231676,34.29965912245526,55.68,1.795977011494253,51.67025862068966,58.08974137931035,112.4239416058394,-29.2129,4.2749,-58.08974137931035,63.22246829015786,6,2022-07-21,0.4,上交所,可转债
123186.SZ,志特转债,2023-09-25,111.629,111.629,112.009,110.898,111.374,-0.255,-0.2284352632380475,179,0.147123287671,5.513661202185793,0.2693626878804748,1.5286,76.80668516,34.56731484,45.00560695724732,27.22,3.673769287288758,60.28655400440852,51.08744599559148,84.74102864107252,56.8754,2.8563,-51.08744599559148,78.49128481306343,6,2023-03-31,0.3,深交所,可转债
123044.SZ,红相转债,2023-09-25,98.897,98.879,98.879,98.515,98.67,-0.227,-0.2295317350374632,198,0.976438356164,2.461748633879782,1.824262693827911,9.5267,101.87265041,-3.20265041,-3.143778430334843,18.62,5.370569280343717,37.48657357679914,61.18342642320086,163.2142406876791,43.4549,1.5489,-61.18342642320086,36.79748531713806,6,2020-03-12,0.5,深交所,可转债
127074.SZ,麦米转2,2023-09-25,128.8,128.795,129.387,128.008,128.5,-0.3,-0.2329192546583851,348,0.28602739726,5.049315068493151,0.2334630350194553,-1.3219,88.96287182,39.53712818,44.44227953881267,30.94,3.232062055591467,97.54363283775048,30.95636716224951,31.73591782637508,19.35,3.8348,-30.95636716224951,109.6453282613359,6,2022-10-13,0.3,深交所,可转债
113588.SH,润达转债,2023-09-25,138.499,138.5,141.1,137.467,138.176,-0.323,-0.2332146802503989,101,0.415068493151,2.726775956284153,1.085572024085225,-7.4279,102.98485362,35.19114638,34.17118648325754,13.1,7.633587786259542,114.8091603053435,23.36683969465649,20.35276595744681,24.9109,2.2569,-23.36683969465649,111.4815977978408,6,2020-06-17,0.3,上交所,可转债
110093.SH,神马转债,2023-09-25,116.54,116.6,116.94,115.705,116.268,-0.272,-0.2333962587952634,194,0.106301369863,5.472677595628415,0.1720163759589913,-0.7902,94.27207785,21.99592215,23.33238287693051,8.25,12.12121212121212,89.45454545454545,26.81345454545454,29.97439024390244,-110.3848,1.0488,-26.81345454545454,94.88975685555599,6,2023-03-16,0.2,上交所,可转债
113609.SH,永安转债,2023-09-25,116.174,116.399,116.55,115.46,115.901,-0.273,-0.2349923390775905,306,0.838356164384,3.164383561643836,0.8628053252344674,0.9924,100.23835256,15.66264744,15.62540388981828,14.8,6.756756756756757,91.75675675675676,24.14424324324324,26.31331369661267,45.7685,1.0119,-24.14424324324324,91.53857222646752,6,2020-11-24,0.4,上交所,可转债
113505.SH,杭电转债,2023-09-25,114.542,114.6,114.987,113.583,114.269,-0.273,-0.2383405213808036,204,1.117808219178,0.4453551912568306,null,-12.3187,106.74574191,7.52325809,7.047829688928526,5.93,16.86340640809443,100.3372681281619,13.93173187183811,13.8849025210084,23.726,1.5275,-13.93173187183811,93.99650640187478,6,2018-03-06,0.3,上交所,可转债
113519.SH,长久转债,2023-09-25,135.431,134.3,136.296,134.3,135.106,-0.325,-0.2399745996116103,323,1.592876712329,1.117808219178082,1.332287241129188,-12.3622,113.35402253,21.75197747,19.18941823546066,11.04,9.057971014492754,125.0905797101449,10.01542028985507,8.006534395365676,89.9124,3.6053,-10.01542028985507,110.3538956255732,6,2018-11-07,0.5,上交所,可转债
118035.SH,国力转债,2023-09-25,132.067,132.8,132.8,131.2,131.747,-0.32,-0.242301256180575,106,0.087123287671,5.713114754098361,0.2277091698482698,-1.6331,74.96639408,56.78060592,75.74141269140793,63.0,1.587301587301587,84.65079365079364,47.09620634920635,55.635870991937,90.7752,4.9217,-47.09620634920635,112.9183211886369,6,2023-06-12,0.3,上交所,可转债
123004.SZ,铁汉转债,2023-09-25,107.25,107.469,107.469,106.8,106.99,-0.26,-0.2424242424242424,282,1.390684931507,0.2301369863013699,5.608000747733433,-4.0207,105.36227251,1.62772749,1.544886467635283,2.44,40.98360655737705,95.49180327868852,11.49819672131148,12.04103004291846,-29.8187,1.2097,-11.49819672131148,90.63187515210944,6,2017-12-18,0.3,深交所,可转债
123093.SZ,金陵转债,2023-09-25,120.3,120.762,120.8,119.69,120.0,-0.3,-0.2493765586034913,250,1.027397260274,3.317808219178082,1.25,2.0333,99.12516174,20.87483826,21.05907107092908,48.97,2.042066571370227,43.43475597304472,76.56524402695528,176.2764456981664,101.6618,3.7639,-76.56524402695528,43.81809341907735,6,2021-01-19,0.5,深交所,可转债
111001.SH,山玻转债,2023-09-25,112.741,112.74,112.82,112.255,112.457,-0.284,-0.251904808366078,322,0.441095890411,4.120547945205479,0.4446143859430716,0.0755,88.90603757,23.55096243,26.48972226600156,11.12,8.992805755395684,65.64748201438849,46.80951798561151,71.30436164383562,18.877,1.6547,-46.80951798561151,73.83917201652483,6,2021-11-08,0.3,上交所,可转债
110064.SH,建工转债,2023-09-25,113.999,113.982,114.033,113.344,113.706,-0.293,-0.2570197984192844,280,1.534246575342,2.235616438356165,1.758922132517194,1.799,111.08368856,2.62231144,2.360662914594884,4.47,22.37136465324385,75.83892617449665,37.86707382550335,49.9309203539823,26.6843,0.8019,-37.86707382550335,68.2718832599203,6,2019-12-20,0.4,上交所,可转债
128136.SZ,立讯转债,2023-09-25,111.0,111.0,111.398,110.136,110.713,-0.287,-0.2585585585585586,327,0.268767123288,3.106849315068493,0.2709708886941913,0.2615,101.65501573,9.05798427,8.910513863928157,57.31,1.744896178677369,52.20729366602687,58.50570633397313,112.0642389705882,24.4961,4.3467,-58.50570633397313,51.35732190991111,6,2020-11-03,0.1,深交所,可转债
113659.SH,莱克转债,2023-09-25,118.327,118.327,118.693,117.2,118.021,-0.306,-0.2586053901476417,347,0.285205479452,5.052054794520548,0.2541920505672719,-0.5045,95.45061402,22.57038598,23.64614016550043,33.2,3.012048192771085,81.3855421686747,36.6354578313253,45.01470022205773,13.5075,4.1758,-36.6354578313253,85.2645559216851,6,2022-10-14,0.3,上交所,可转债
127083.SZ,山路转债,2023-09-25,117.118,117.118,117.309,116.612,116.814,-0.304,-0.2595672740313189,186,0.101917808219,5.494535519125683,0.171212354683514,-0.6927,95.13562345,21.67837655,22.78681293489752,8.01,12.48439450686642,81.02372034956305,35.79027965043695,44.17259476117103,4.5221,0.8194,-35.79027965043695,85.16654162901062,6,2023-03-24,0.2,深交所,可转债
110055.SH,伊力转债,2023-09-25,186.724,186.54,186.854,185.777,186.231,-0.493,-0.2640260491420493,195,0.961643835616,1.469945355191257,0.9665415532322761,-29.5583,107.29179735,78.93920265,73.57431285496122,15.59,6.414368184733804,147.9794740218088,38.25152597819115,25.84921066319896,30.8588,2.8674,-38.25152597819115,137.9224485717955,6,2019-03-14,0.5,上交所,可转债
123048.SZ,应急转债,2023-09-25,120.81,119.6,121.21,119.6,120.49,-0.32,-0.2648787352040394,169,0.694520547945,2.540983606557377,1.244916590588431,-3.125,103.47427136,17.01572864,16.44440537377658,8.86,11.28668171557562,85.66591422121896,34.82408577878104,40.65104084321476,-23.9671,2.9119,-34.82408577878104,82.78957956918245,6,2020-04-10,0.3,深交所,可转债
118031.SH,天23转债,2023-09-25,105.468,105.548,105.579,105.15,105.186,-0.282,-0.267379679144385,225,0.184931506849,5.386301369863014,0.2852090582396897,2.5387,98.24995479,6.93604521,7.059591248489775,69.21,1.44487790781679,42.91287386215865,62.27312613784135,145.1152545454546,9.1179,2.198,-62.27312613784135,43.67724540319725,6,2023-02-13,0.3,上交所,可转债
128105.SZ,长集转债,2023-09-25,107.39,107.39,107.39,106.84,107.101,-0.289,-0.2691125803147407,170,0.698630136986,2.538251366120218,1.400547147085461,2.2807,98.80696015,8.29403985,8.394185832059524,7.91,12.64222503160556,68.01517067003793,39.08582932996207,57.46634014869888,25.9977,1.6399,-39.08582932996207,68.83641655080098,6,2020-04-09,0.4,深交所,可转债
123039.SZ,开润转债,2023-09-25,116.638,116.687,116.7,116.21,116.324,-0.314,-0.2692090056413862,274,1.351232876712,2.252054794520548,1.547402083834806,1.0767,100.50367035,15.82032965,15.74104666516789,29.73,3.363605785401951,54.69223007063572,61.63176992936428,112.6883468634686,25.9387,2.2176,-61.63176992936428,54.41814202423874,6,2019-12-26,0.5,深交所,可转债
123049.SZ,维尔转债,2023-09-25,104.13,104.13,104.177,103.476,103.848,-0.282,-0.2708153269951023,166,0.818630136986,2.549180327868852,1.733302519066328,6.7699,100.66940178,3.17859822,3.157462112416657,7.23,13.83125864453665,58.09128630705394,45.75671369294606,78.76691428571428,98.4191,0.867,-45.75671369294606,57.70500795664303,6,2020-04-13,0.5,深交所,可转债
128144.SZ,利民转债,2023-09-25,113.5,113.5,113.933,113.0,113.189,-0.311,-0.2740088105726872,209,0.458082191781,3.431693989071038,0.7067824611932255,0.029,100.95245387,12.23654613,12.12109826053107,10.95,9.132420091324201,79.26940639269407,33.91959360730593,42.79027073732719,28.0018,1.2394,-33.91959360730593,78.5215250882084,6,2021-03-01,0.3,深交所,可转债
128070.SZ,智能转债,2023-09-25,145.7,151.89,154.283,144.1,145.3,-0.4,-0.2745367192862045,86,0.471232876712,1.76775956284153,1.37646249139711,-12.9356,99.88120543,45.41879457,45.47281380362492,9.34,10.70663811563169,106.5310492505353,38.76895074946467,36.3921608040201,40.983,3.9609,-38.76895074946467,106.6577528694282,6,2019-07-02,0.5,深交所,可转债
128119.SZ,龙大转债,2023-09-25,110.908,110.908,110.99,110.466,110.6,-0.308,-0.2777076495834385,75,0.308219178082,2.797814207650273,1.35623869801085,2.4717,101.46579355,9.13420645,9.002252020528351,9.3,10.75268817204301,80.21505376344086,30.38494623655914,37.87935656836461,-6.4473,3.2723,-30.38494623655914,79.05625231611945,6,2020-07-13,0.3,深交所,可转债
113051.SH,节能转债,2023-09-25,121.049,120.997,121.312,120.0,120.708,-0.341,-0.281704103297012,97,0.159452054795,3.737704918032787,0.4970673029128144,-1.5649,101.35507349,19.35292651,19.09418625394161,3.52,28.40909090909091,92.32954545454545,28.37845454545455,30.73604923076923,11.8425,1.3282,-28.37845454545455,91.0951393702605,6,2021-06-21,0.2,上交所,可转债
123163.SZ,金沃转债,2023-09-25,119.66,119.708,120.3,118.98,119.316,-0.344,-0.2874811967240515,347,0.475342465753,5.052054794520548,0.4190552817727715,0.4021,72.68348526,46.63251474,64.15833606931248,27.08,3.692762186115214,90.87887740029542,28.43712259970458,31.29123445753759,39.4804,2.832,-28.43712259970458,125.0337364467426,6,2022-10-14,0.5,深交所,可转债
128134.SZ,鸿路转债,2023-09-25,123.458,123.599,123.705,122.361,123.1,-0.358,-0.2899771582238494,352,0.964383561644,3.038356164383562,0.8123476848090982,-2.4649,103.60296594,19.49703406,18.81899218145106,32.96,3.033980582524272,85.37621359223301,37.72378640776699,44.18535891968728,17.5697,2.327,-37.72378640776699,82.40711336553558,6,2020-10-09,0.3,深交所,可转债
113043.SH,财通转债,2023-09-25,112.638,112.4,113.54,112.0,112.301,-0.337,-0.2991885509330777,290,0.476712328767,3.208219178082192,0.5342784124807437,-0.7685,100.10561005,12.19538995,12.18252398033311,11.39,8.779631255487269,69.53467954345918,42.76632045654083,61.5035845959596,17.7388,1.108,-42.76632045654083,69.46132140719038,6,2020-12-10,0.2,上交所,可转债
118040.SH,宏微转债,2023-09-25,120.767,120.537,120.854,119.983,120.404,-0.363,-0.3005788005001366,63,0.086301369863,5.830601092896175,0.4152685957277167,0.1588,66.78442937,53.61957063,80.28753279141779,62.45,1.601281024819856,84.25940752602082,36.14459247397918,42.89680349676929,64.016,7.7338,-36.14459247397918,126.1662461158509,6,2023-07-25,0.5,上交所,可转债
128072.SZ,翔鹭转债,2023-09-25,114.29,114.48,114.48,113.731,113.944,-0.346,-0.3027386473007263,37,0.202739726027,1.901639344262295,1.755248192094362,-0.9093,97.07339985,16.87060015,17.37922044151006,15.14,6.605019815059445,56.86922060766182,57.07477939233818,100.3614587688734,-64.9491,2.7396,-57.07477939233818,58.58373220216601,6,2019-08-20,0.4,深交所,可转债
118029.SH,富淼转债,2023-09-25,113.934,114.37,114.37,113.25,113.585,-0.349,-0.3063176926992821,285,0.156164383562,5.221917808219178,0.1760795879737641,0.1562,74.42400313,39.16099687,52.61877246994575,20.01,4.997501249375312,84.15792103948026,29.42707896051974,34.96649940617577,31.1487,1.4471,-29.42707896051974,113.079003413022,6,2022-12-15,0.2,上交所,可转债
111010.SH,立昂转债,2023-09-25,115.659,115.6,115.7,114.534,115.303,-0.356,-0.3078013816477749,316,0.259726027397,5.136986301369863,0.2601840368420596,0.3073,96.79156632,18.51143368,19.12504816669651,44.96,2.224199288256228,73.59875444839858,41.70424555160142,56.66433605318827,64.4896,2.8539,-41.70424555160142,76.03839595391577,6,2022-11-14,0.3,上交所,可转债
127059.SZ,永东转2,2023-09-25,115.417,115.415,115.518,114.611,115.056,-0.361,-0.3127788800609962,171,0.281095890411,4.53551912568306,0.5214851898206091,0.9693,91.95774738,23.09825262,25.11833236252552,8.63,11.58748551564311,82.27114716106605,32.78485283893395,39.84975774647887,-307.8725,1.2256,-32.78485283893395,89.46624890787538,6,2022-04-08,0.4,深交所,可转债
123132.SZ,回盛转债,2023-09-25,109.513,109.513,109.622,109.101,109.17,-0.343,-0.3132048249979454,283,0.465205479452,4.227397260273973,0.5496015388843088,2.4377,94.37580312,14.79419688,15.67583680447095,27.71,3.608805485384338,56.80259833994948,52.36740166005053,92.1919123252859,82.1195,1.8901,-52.36740166005053,60.18767148156002,6,2021-12-17,0.4,深交所,可转债
123089.SZ,九洲转2,2023-09-25,124.1,124.171,124.585,123.076,123.708,-0.392,-0.3158742949234488,279,0.764383561644,3.238356164383561,0.8083551589226242,-0.956,100.25855349,23.44944651,23.38897350273351,5.57,17.95332136445243,100.5385996409336,23.16940035906643,23.04527857142857,28.469,1.184,-23.16940035906643,100.2793239491147,6,2020-12-21,0.4,深交所,可转债
113593.SH,沪工转债,2023-09-25,113.564,113.564,113.696,113.2,113.2,-0.364,-0.3205241097530908,68,0.372602739726,2.816939890710382,1.76678445229682,1.949,96.13324168,17.06675832,17.75323293144566,21.1,4.739336492890995,63.08056872037915,50.11943127962086,79.45304282494365,70.6934,3.3143,-50.11943127962086,65.61785249097942,6,2020-07-20,0.4,上交所,可转债
123022.SZ,长信转债,2023-09-25,135.936,135.636,135.971,134.969,135.5,-0.436,-0.3207391713747646,192,0.946849315068,1.478142076502732,1.328413284132841,-12.3143,107.26685267,28.23314733,26.32047704136298,5.9,16.94915254237288,101.5254237288136,33.97457627118644,33.46410684474124,33.4704,1.7927,-33.97457627118644,94.64752735978038,6,2019-03-15,0.4,深交所,可转债
128083.SZ,新北转债,2023-09-25,129.24,129.111,129.85,128.1,128.825,-0.415,-0.3211080160940885,288,1.183561643836,2.213698630136986,1.164370269745779,-5.7377,105.95325697,22.87174303,21.58663516731344,6.49,15.40832049306626,115.8705701078582,12.95442989214176,11.18008643617021,225.6324,1.6287,-12.95442989214176,109.3600833249197,6,2019-12-12,0.3,深交所,可转债
118034.SH,晶能转债,2023-09-25,111.512,111.512,111.643,110.9,111.153,-0.359,-0.3219384460865198,159,0.087123287671,5.568306010928962,0.1799321655735788,0.2198,93.19180408,17.96119592,19.27336432352067,13.7,7.299270072992701,72.33576642335767,38.81723357664234,53.66257315842584,12.894,3.3138,-38.81723357664234,77.62030914356097,6,2023-04-20,0.2,上交所,可转债
123144.SZ,裕兴转债,2023-09-25,113.169,113.216,113.6,112.544,112.799,-0.37,-0.3269446579893787,168,0.230136986301,4.543715846994536,0.4432663410136615,1.3975,91.81559247,20.98340753,22.85386061943254,13.85,7.220216606498195,77.90613718411552,34.89286281588448,44.78833642261353,30.3842,1.6184,-34.89286281588448,84.85066107869501,6,2022-04-11,0.3,深交所,可转债
123168.SZ,惠云转债,2023-09-25,115.901,115.9,115.927,114.888,115.516,-0.385,-0.3321800502152699,307,0.336438356164,5.161643835616438,0.3462723778524187,0.872,88.67452349,26.84147651,30.26965971012741,10.78,9.276437847866418,86.2708719851577,29.2451280148423,33.89919139784946,150.3563,2.903,-29.2451280148423,97.28935503655302,6,2022-11-23,0.4,深交所,可转债
123131.SZ,奥飞转债,2023-09-25,125.802,125.499,125.99,125.093,125.38,-0.422,-0.3354477671261189,297,0.569589041096,4.189041095890411,0.5583027596107832,-0.8262,86.7015482,38.6784518,44.6110278339874,10.09,9.910802775024777,90.18830525272547,35.19169474727453,39.02024175824176,59.0523,2.9897,-35.19169474727453,104.0215626192538,6,2021-12-03,0.5,深交所,可转债
113600.SH,新星转债,2023-09-25,121.223,121.4,121.6,120.26,120.812,-0.411,-0.3390445707497752,44,0.180821917808,2.882513661202186,1.241598516703639,0.922,99.16789102,21.64410898,21.82572277919559,17.45,5.730659025787966,94.49856733524355,26.31343266475645,27.84532443905397,-27.9056,1.7448,-26.31343266475645,95.29149643424932,6,2020-08-13,0.4,上交所,可转债
113579.SH,健友转债,2023-09-25,112.279,112.279,112.928,111.31,111.897,-0.382,-0.3402239065185832,156,0.641095890411,2.576502732240437,1.340518512560659,0.142,103.55791438,8.33908562,8.05258165918656,24.54,4.074979625101874,52.77098614506927,59.12601385493073,112.0426548262548,16.7619,3.1881,-59.12601385493073,50.95794605463865,6,2020-04-23,0.3,上交所,可转债
118039.SH,煜邦转债,2023-09-25,116.715,116.715,117.044,116.068,116.315,-0.4,-0.3427151608619286,68,0.093150684932,5.816939890710382,0.4298671710441473,0.4011,65.48090086,50.83409914,77.63194835801775,10.12,9.881422924901186,84.38735177865613,31.92764822134387,37.83463700234192,238.3825,2.5209,-31.92764822134387,128.8732297056796,6,2023-07-20,0.5,上交所,可转债
118022.SH,锂科转债,2023-09-25,104.658,104.662,104.662,104.22,104.299,-0.359,-0.3430220336715779,350,0.287671232877,5.043835616438356,0.2876345890181114,2.0136,95.52206013,8.77693987,9.188390470279947,15.53,6.43915003219575,55.95621377978107,48.34278622021893,86.39395512082854,129.936,2.2593,-48.34278622021893,58.57936240448321,6,2022-10-11,0.3,上交所,可转债
127075.SZ,百川转2,2023-09-25,107.27,107.22,107.518,106.601,106.9,-0.37,-0.3449240234921227,342,0.281095890411,5.065753424657534,0.2806361085126286,2.5474,89.51277387,17.38722613,19.4242959728313,10.31,9.699321047526674,68.86517943743938,38.03482056256062,55.23084507042253,-33.4757,2.047,-38.03482056256062,76.93335426902617,6,2022-10-19,0.3,深交所,可转债
128076.SZ,金轮转债,2023-09-25,130.43,130.429,131.086,129.5,129.98,-0.45,-0.3450126504638503,347,1.42602739726,2.052054794520548,1.154023695953224,-6.5987,101.70547892,28.27452108,27.80039126725937,13.76,7.267441860465116,101.3808139534884,28.59918604651163,28.20966308243728,28.1331,1.2095,-28.59918604651163,99.68077927565042,6,2019-10-14,0.4,深交所,可转债
127042.SZ,嘉美转债,2023-09-25,111.859,111.859,111.875,111.037,111.47,-0.389,-0.3477592326053335,48,0.131506849315,3.871584699453552,0.8971023593792051,1.1214,101.64515737,9.82484263,9.665824604153496,4.85,20.61855670103093,80.41237113402062,31.05762886597938,38.62294871794872,68.9343,1.633,-31.05762886597938,79.11087278000898,6,2021-08-09,0.3,深交所,可转债
127040.SZ,国泰转债,2023-09-25,115.0,115.2,115.2,114.05,114.6,-0.4,-0.3478260869565217,81,0.133150684932,3.781420765027323,0.5235602094240838,-0.6384,99.3694616,15.2305384,15.32718216921485,8.52,11.73708920187793,87.91079812206573,26.68920187793427,30.35941255006676,9.1575,0.8713,-26.68920187793427,88.46862678590354,6,2021-07-07,0.2,深交所,可转债
123078.SZ,飞凯转债,2023-09-25,134.87,134.87,134.87,133.4,134.4,-0.47,-0.3484837250685846,303,0.830136986301,3.172602739726028,0.7440476190476191,-5.0788,102.96796278,31.43203722,30.52603583811528,15.41,6.489292667099286,103.7637897469176,30.63621025308241,29.5249530956848,24.2371,2.2812,-30.63621025308241,100.7728879405121,6,2020-11-27,0.3,深交所,可转债
110075.SH,南航转债,2023-09-25,126.647,126.719,126.891,126.148,126.205,-0.442,-0.3490015555046704,346,0.568767123288,3.054794520547945,0.4754169803098134,-4.6333,100.38209095,25.82290905,25.72461761417414,6.17,16.20745542949757,100.9724473257699,25.23255267423015,24.98954253611557,-19.6336,2.9602,-25.23255267423015,100.5881092634979,6,2020-10-15,0.2,上交所,可转债
123155.SZ,中陆转债,2023-09-25,109.629,109.629,109.629,109.129,109.244,-0.385,-0.3511844493701484,45,0.07397260274,4.879781420765028,0.5492292482882355,2.1802,81.24282787,28.00117213,34.46602348062752,31.76,3.148614609571788,61.42947103274559,47.81452896725441,77.83646540235776,101.9028,1.9665,-47.81452896725441,75.61217727556385,6,2022-08-12,0.4,深交所,可转债
113561.SH,正裕转债,2023-09-25,127.897,127.522,128.68,126.914,127.437,-0.46,-0.3596644174609256,269,1.326575342466,2.265753424657534,1.412462628592952,-4.152,97.7882491,29.6487509,30.31933915667174,9.88,10.12145748987854,96.96356275303644,30.47343724696356,31.42772025052192,34.9001,1.9267,-30.47343724696356,99.15666109726514,6,2019-12-31,0.5,上交所,可转债
127070.SZ,大中转债,2023-09-25,123.756,123.756,124.5,123.161,123.3,-0.456,-0.3684669834189858,40,0.054794520548,4.89344262295082,0.4055150040551501,-1.1195,97.48100097,25.81899903,26.48618579321509,11.06,9.041591320072333,96.83544303797468,26.46455696202532,27.32941176470588,16.0068,3.2023,-26.46455696202532,99.3377602552276,6,2022-08-17,0.3,深交所,可转债
113017.SH,吉视转债,2023-09-25,106.62,106.62,106.62,106.0,106.223,-0.397,-0.3723504033014444,273,1.346301369863,0.2547945205479452,null,-0.8239,105.31359896,0.90940104,0.8635171990897461,2.11,47.39336492890995,90.52132701421802,15.70167298578199,17.34582722513089,244.4274,0.9359,-15.70167298578199,85.95407232127698,6,2017-12-27,0.3,上交所,可转债
123145.SZ,药石转债,2023-09-25,110.97,111.208,111.669,110.361,110.55,-0.42,-0.3784806704514734,159,0.217808219178,4.568306010928962,0.4522840343735866,0.8452,97.21611298,13.33388702,13.71571708770453,81.44,1.227897838899803,54.67829076620825,55.87170923379175,102.1826184594655,39.0332,3.3664,-55.87170923379175,56.24406190510524,6,2022-04-20,0.3,深交所,可转债
123207.SZ,冠中转债,2023-09-25,127.183,127.5,128.3,126.382,126.699,-0.484,-0.38055400485914,67,0.073424657534,5.819672131147541,0.3157088848372915,-0.7882,66.56058921,60.13841079,90.3513798537181,16.56,6.038647342995169,96.85990338164251,29.83909661835749,30.80644887780549,45.628,2.6142,-29.83909661835749,145.5214031775584,6,2023-07-21,0.4,深交所,可转债
118014.SH,高测转债,2023-09-25,120.8,120.4,120.8,120.22,120.339,-0.461,-0.3816225165562914,70,0.076712328767,4.811475409836065,0.3323943193810818,-1.1346,76.75862305,43.58037695,56.77587118988842,59.51,1.680389850445303,72.92891950932616,47.41008049067384,65.00861497695853,10.3072,4.1932,-47.41008049067384,95.01071881112406,6,2022-07-18,0.2,上交所,可转债
118008.SH,海优转债,2023-09-25,106.526,106.56,106.698,106.0,106.11,-0.416,-0.3905149916452321,95,0.104109589041,4.743169398907104,0.376967298086891,2.6736,90.51742038,15.59257962,17.22605389607989,217.3,0.4601932811780948,34.00828347906121,72.1017165209388,212.0122192151556,-90.8831,2.7437,-72.1017165209388,37.57098173621329,6,2022-06-23,0.3,上交所,可转债
123146.SZ,中环转2,2023-09-25,114.38,114.381,114.381,113.87,113.931,-0.449,-0.3925511453051233,143,0.235068493151,4.612021857923497,0.5266345419596071,1.2855,91.93516111,21.99583889,23.92538243739202,7.42,13.47708894878706,88.94878706199461,24.98221293800539,28.08606363636364,18.0976,1.3158,-24.98221293800539,96.75165191212075,6,2022-05-06,0.3,深交所,可转债
123152.SZ,润禾转债,2023-09-25,124.054,124.237,124.38,123.3,123.565,-0.489,-0.3941831782933239,67,0.110136986301,4.819672131147541,0.4855743940436207,0.0915,83.71247877,39.85252123,47.60642835519754,29.03,3.444712366517396,87.59903548053738,35.96596451946262,41.05748918600079,42.8825,3.9555,-35.96596451946262,104.6427447468324,6,2022-07-21,0.4,深交所,可转债
113057.SH,中银转债,2023-09-25,133.53,133.0,133.261,132.6,133.003,-0.527,-0.3946678648992736,186,0.203835616438,0.2328767123287671,0.2218611363752021,-4.2332,99.58984087,33.41315913,33.5507706791258,9.7,10.30927835051547,114.5360824742268,18.46691752577319,16.12323132313231,11.8677,1.2723,-18.46691752577319,115.0077974557033,6,2022-03-24,0.2,上交所,可转债
128049.SZ,华源转债,2023-09-25,130.017,129.05,130.399,129.0,129.5,-0.517,-0.3976403085750325,303,1.660273972603,1.172602739726028,1.544401544401544,-11.8042,105.64474839,23.85525161,22.58063176215399,7.37,13.5685210312076,116.9606512890095,12.5393487109905,10.72099767981439,137.476,1.9437,-12.5393487109905,110.7112781955195,6,2018-11-26,0.5,深交所,可转债
127026.SZ,超声转债,2023-09-25,113.877,113.545,113.826,112.86,113.42,-0.457,-0.4013101855510771,292,0.8,3.202739726027397,0.8816787162757891,-0.3162,101.06804344,12.35195656,12.22142641688009,12.52,7.987220447284345,72.92332268370608,40.49667731629393,55.53323110624316,35.9052,1.1168,-40.49667731629393,72.15270049924108,6,2020-12-08,0.3,深交所,可转债
113573.SH,纵横转债,2023-09-25,119.055,118.88,119.123,118.355,118.577,-0.478,-0.4014951073033472,162,0.798904109589,2.560109289617486,1.518000961400609,1.2394,100.58346812,17.99353188,17.88915436732905,18.7,5.347593582887701,71.65775401069519,46.91924598930481,65.47685820895522,154.9613,3.695,-46.91924598930481,71.24207919059292,6,2020-04-17,0.5,上交所,可转债
118000.SH,嘉元转债,2023-09-25,106.229,106.181,106.181,105.761,105.798,-0.431,-0.4057272496211016,215,0.58904109589,3.413698630136986,0.9451974517476701,3.8431,99.09293736,6.70506264,6.76643847546957,50.48,1.980982567353407,40.88748019017433,64.91051980982567,158.754023255814,207.043,1.2595,-64.91051980982567,41.26175011003259,6,2021-02-23,0.4,上交所,可转债
127062.SZ,垒知转债,2023-09-25,115.66,115.66,115.711,115.001,115.19,-0.47,-0.4063634791630642,158,0.259726027397,4.571038251366121,0.5208785484851115,0.9354,91.67433186,23.51566814,25.65131118262398,7.68,13.02083333333333,68.75,46.44,67.5490909090909,15.0919,1.0487,-46.44,74.99372900256445,6,2022-04-21,0.4,深交所,可转债
128090.SZ,汽模转2,2023-09-25,121.8,120.7,121.97,120.7,121.297,-0.503,-0.4129720853858785,273,1.121917808219,2.254794520547945,1.236634047008582,-3.0343,100.47263284,20.82436716,20.72640735230085,4.23,23.64066193853428,94.08983451536643,27.20716548463357,28.91615829145729,36.0449,1.8628,-27.20716548463357,93.64722696697119,6,2019-12-27,0.3,深交所,可转债
123054.SZ,思特转债,2023-09-25,137.77,137.631,137.919,136.35,137.2,-0.57,-0.4137330333163969,108,0.532602739726,2.707650273224044,1.311953352769679,-5.1226,102.97700089,34.22299911,33.23363354362689,9.89,10.11122345803842,100.9100101112235,36.28998988877654,35.9627254509018,-32.9347,2.2268,-36.28998988877654,97.99276463587778,6,2020-06-10,0.5,深交所,可转债
127016.SZ,鲁泰转债,2023-09-25,112.93,112.897,112.897,112.0,112.446,-0.484,-0.4285840786327814,170,0.698630136986,2.538251366120218,1.33397364068086,0.6573,106.26824101,6.17775899,5.813363363583541,8.63,11.58748551564311,78.3314020857474,34.11459791425261,43.55162426035503,13.1695,0.6356,-34.11459791425261,73.71101783681193,6,2020-04-09,0.3,深交所,可转债
110094.SH,众和转债,2023-09-25,125.057,124.746,125.342,124.3,124.521,-0.536,-0.428604556322317,70,0.038356164384,5.811475409836065,0.1606154785136644,-1.4241,92.26442691,32.25657309,34.96100736794789,8.2,12.19512195121951,98.04878048780488,26.47221951219512,26.99902985074627,6.5993,1.2334,-26.47221951219512,106.269321526754,6,2023-07-18,0.2,上交所,可转债
128097.SZ,奥佳转债,2023-09-25,115.5,115.5,115.5,114.78,114.999,-0.501,-0.4337662337662337,213,0.875342465753,2.419178082191781,1.304359168340594,-0.6242,99.51325156,15.48574844,15.5614937681572,9.75,10.25641025641026,79.58974358974359,35.40925641025641,44.48972293814433,57.3174,1.09,-35.40925641025641,79.97904032083221,6,2020-02-25,0.4,深交所,可转债
118018.SH,瑞科转债,2023-09-25,116.403,116.1,116.409,115.431,115.897,-0.506,-0.4346967002568662,39,0.042739726027,4.896174863387978,0.3451340414333417,-0.2872,76.37422805,39.52277195,51.7488332898443,30.91,3.235198964736331,68.06858621805242,47.82841378194759,70.26503184410646,-238.7095,4.2663,-47.82841378194759,89.12507262723477,6,2022-08-18,0.2,上交所,可转债
110081.SH,闻泰转债,2023-09-25,107.782,107.741,107.782,107.01,107.312,-0.47,-0.4360653912527138,60,0.049315068493,3.83879781420765,0.2795586700462204,1.0399,98.89518491,8.41681509,8.51084418079582,96.61,1.035089535244799,45.05744746920609,62.25455253079392,138.1670645531817,21.5018,1.4407,-62.25455253079392,45.56081017514737,6,2021-07-28,0.1,上交所,可转债
128127.SZ,文科转债,2023-09-25,108.83,108.975,108.975,108.2,108.355,-0.475,-0.4364605347790131,37,0.152054794521,2.901639344262295,1.384338516912002,3.3377,84.88123626,23.47376374,27.6548325334205,4.56,21.92982456140351,86.40350877192982,21.95149122807018,25.40578680203046,193.791,6.7698,-21.95149122807018,101.7934146332023,6,2020-08-20,0.5,深交所,可转债
123203.SZ,明电转02,2023-09-25,125.799,125.578,125.975,124.75,125.249,-0.55,-0.4372053831906454,85,0.069863013699,5.770491803278689,0.2395228704420794,-0.2758,87.14627012,38.10272988,43.72273171018418,14.75,6.779661016949152,96.13559322033899,29.11340677966102,30.28369181946404,35.3965,2.3676,-29.11340677966102,110.3152126740028,6,2023-07-03,0.3,深交所,可转债
110074.SH,精达转债,2023-09-25,136.091,136.299,136.5,135.202,135.496,-0.595,-0.437207456775246,38,0.156164383562,2.898907103825137,1.107043750369015,-5.4889,104.98069219,30.51530781,29.06754296758843,3.57,28.01120448179272,116.5266106442577,18.9693893557423,16.27901923076923,20.7492,1.7207,-18.9693893557423,110.9981351936233,6,2020-08-19,0.4,上交所,可转债
127055.SZ,精装转债,2023-09-25,113.888,113.997,113.997,113.08,113.386,-0.502,-0.4407839280696825,216,0.295890410959,4.410958904109589,0.4409715485156898,1.3191,92.65000172,20.73599828,22.38100150571697,18.5,5.405405405405405,77.02702702702703,36.35897297297297,47.20287719298246,34.4817,1.6366,-36.35897297297297,83.13764230659426,6,2022-02-22,0.3,深交所,可转债
113619.SH,世运转债,2023-09-25,123.735,123.981,124.777,122.617,123.187,-0.548,-0.4428819654907666,249,0.682191780822,3.32054794520548,0.811773969655889,-2.2749,102.36939864,20.81760136,20.33576599703272,18.72,5.341880341880342,89.74358974358974,33.44341025641025,37.26551428571429,22.8125,3.226,-33.44341025641025,87.66642271601972,6,2021-01-20,0.3,上交所,可转债
113668.SH,鹿山转债,2023-09-25,108.317,108.345,109.156,107.5,107.833,-0.484,-0.4468365999796892,183,0.200547945205,5.502732240437158,0.3709439596412972,2.2415,77.36646689,30.46653311,39.37950682602251,58.68,1.704158145875937,55.33401499659168,52.49898500340832,94.8765149368648,-22.5987,2.4464,-52.49898500340832,71.52196193121478,6,2023-03-27,0.4,上交所,可转债
127017.SZ,万青转债,2023-09-25,113.411,113.631,113.7,112.79,112.9,-0.511,-0.4505735775189356,115,0.472602739726,2.688524590163934,1.328609388839681,1.1937,107.70982478,5.19017522,4.81866462098612,12.4,8.064516129032258,65.16129032258064,47.73870967741936,73.26237623762377,12.0721,0.9393,-47.73870967741936,60.49707206902825,6,2020-06-03,0.4,深交所,可转债
123162.SZ,东杰转债,2023-09-25,122.263,122.44,122.854,121.38,121.699,-0.564,-0.4613006387868775,347,0.475342465753,5.052054794520548,0.4108497193896417,0.0002,72.68348526,49.01551474,67.43693504055834,8.05,12.42236024844721,96.14906832298136,25.54993167701863,26.57324935400517,41.6567,1.9522,-25.54993167701863,132.2846145572703,6,2022-10-14,0.5,深交所,可转债
113667.SH,春23转债,2023-09-25,119.364,119.211,119.72,118.103,118.81,-0.554,-0.4641265373144332,193,0.158630136986,5.475409836065574,0.252503997979968,0.2319,86.60963345,32.20036655,37.17873551397648,10.3,9.70873786407767,80.19417475728156,38.61582524271844,48.15290556900727,-118.6449,1.4181,-38.61582524271844,92.59267308131247,6,2023-03-17,0.3,上交所,可转债
113623.SH,凤21转债,2023-09-25,117.16,117.3,117.6,116.523,116.614,-0.546,-0.4660293615568453,171,0.468493150685,3.53551912568306,0.857529970672475,-0.0777,103.2219238,13.3920762,12.97406181456967,16.25,6.153846153846154,81.1076923076923,35.50630769230769,43.77674506828528,21.0316,1.2662,-35.50630769230769,78.57603241811726,6,2021-04-08,0.3,上交所,可转债
113046.SH,金田转债,2023-09-25,107.654,107.39,108.2,106.438,107.146,-0.508,-0.471882140932989,188,0.412054794521,3.489071038251366,0.7466447650868908,1.8531,102.49064545,4.65535455,4.542223858148217,10.55,9.47867298578199,63.50710900473933,43.63889099526067,68.71497014925373,16.7888,1.3198,-43.63889099526067,61.9638101857025,6,2021-03-22,0.3,上交所,可转债
127022.SZ,恒逸转债,2023-09-25,107.8,107.8,107.898,107.06,107.291,-0.509,-0.4721706864564008,345,0.567123287671,3.057534246575342,0.5592267757780243,0.312,98.80311104,8.48788896,8.59071022223553,11.0,9.090909090909092,67.72727272727273,39.56372727272727,58.41624161073825,179.5024,1.1397,-39.56372727272727,68.54771273331023,6,2020-10-16,0.2,深交所,可转债
128128.SZ,齐翔转2,2023-09-25,135.3,135.0,135.117,134.2,134.661,-0.639,-0.4722838137472284,37,0.152054794521,2.901639344262295,1.113908258515829,-5.8306,103.24691779,31.41408221,30.42616949969873,5.53,18.08318264014467,119.7106690777577,14.95033092224231,12.48872054380665,460.3791,1.4024,-14.95033092224231,115.9459978468745,6,2020-08-20,0.3,深交所,可转债
127007.SZ,湖广转债,2023-09-25,124.65,124.994,125.0,124.0,124.06,-0.59,-0.4733253108704372,90,0.493150684932,0.7568306010928961,6.448492664839594,-17.1046,105.85747577,18.20252423,17.19531294091049,5.58,17.92114695340502,93.72759856630825,30.33240143369176,32.36229445506692,-13.6149,1.0563,-30.33240143369176,88.54131263242405,6,2018-06-28,0.5,深交所,可转债
118006.SH,阿拉转债,2023-09-25,115.955,115.993,116.046,115.289,115.406,-0.549,-0.4734595317148894,195,0.37397260274,4.469945355191257,0.6065542519453061,1.1285,84.44383444,30.96216556,36.66598723912708,28.29,3.534817956875221,66.38388123011664,49.02211876988335,73.84641853035144,60.1803,4.0049,-49.02211876988335,78.6130588104505,6,2022-03-15,0.4,上交所,可转债
113039.SH,嘉泽转债,2023-09-25,138.099,137.888,138.577,137.002,137.445,-0.654,-0.4735733061064888,33,0.135616438356,2.912568306010929,1.091345629160755,-7.0836,101.29826774,36.14673226,35.68346534096418,3.28,30.48780487804878,117.6829268292683,19.76207317073171,16.79264248704663,9.0563,1.5195,-19.76207317073171,116.1746685849776,6,2020-08-24,0.3,上交所,可转债
128087.SZ,孚日转债,2023-09-25,123.46,123.407,123.63,122.65,122.874,-0.586,-0.4746476591608618,283,1.16301369863,2.227397260273972,1.220762732555301,-4.4252,98.91301798,23.96098202,24.22429575937604,4.16,24.03846153846154,111.5384615384615,11.33553846153846,10.16289655172414,15.0889,0.992,-11.33553846153846,112.7641879868779,6,2019-12-17,0.4,深交所,可转债
123106.SZ,正丹转债,2023-09-25,114.549,114.55,114.58,113.7,114.0,-0.549,-0.4792708797108661,186,0.509589041096,3.494535519125683,0.8771929824561403,2.6031,102.21259656,11.78740344,11.53224146211828,7.4,13.51351351351351,73.64864864864865,40.35135135135135,54.78899082568807,52.053,1.7838,-40.35135135135135,72.05437600385783,6,2021-03-24,0.4,深交所,可转债
123120.SZ,隆华转债,2023-09-25,124.398,124.41,124.512,123.391,123.8,-0.598,-0.4807151240373639,58,0.158904109589,3.844262295081967,0.8077544426494345,-0.8228,96.31895928,27.48104072,28.53128908931874,7.72,12.95336787564767,96.24352331606218,27.55647668393782,28.63203230148049,28.1947,2.2205,-27.55647668393782,99.92168108490611,6,2021-07-30,0.4,深交所,可转债
127085.SZ,韵达转债,2023-09-25,120.43,120.5,120.501,119.663,119.847,-0.583,-0.4840986465166487,168,0.092054794521,5.543715846994536,0.166879437950053,-1.1513,93.27954775,26.56745225,28.48154058508501,12.1,8.264462809917356,80.08264462809917,39.76435537190083,49.65414860681115,16.1871,1.5912,-39.76435537190083,85.85230799224064,6,2023-04-11,0.2,深交所,可转债
113665.SH,汇通转债,2023-09-25,111.008,111.13,111.26,110.287,110.468,-0.54,-0.4864514269241856,285,0.234246575342,5.221917808219178,0.2715718579136039,1.6779,88.00297512,22.46502488,25.52757432276228,8.21,12.18026796589525,77.9537149817296,32.5142850182704,41.70973125,46.851,2.8987,-32.5142850182704,88.58077226983823,6,2022-12-15,0.3,上交所,可转债
123149.SZ,通裕转债,2023-09-25,120.9,120.9,121.43,120.185,120.301,-0.599,-0.4954507857733664,98,0.134246575342,4.734972677595629,0.4156241427752055,-0.6329,98.20640289,22.09459711,22.49812279016872,2.74,36.4963503649635,91.97080291970804,28.33019708029197,30.80346825396826,26.8197,1.4642,-28.33019708029197,93.6505158657767,6,2022-06-20,0.3,深交所,可转债
128044.SZ,岭南转债,2023-09-25,114.6,114.6,114.6,113.905,114.032,-0.568,-0.4956369982547993,43,0.235616438356,0.8852459016393442,6.138627753613021,-6.9661,98.42974969,15.60225031,15.85115309054282,3.43,29.15451895043732,92.4198250728863,21.6121749271137,23.38478233438486,-24.5665,1.7915,-21.6121749271137,93.89419902413479,6,2018-08-14,0.3,深交所,可转债
113661.SH,福22转债,2023-09-25,111.355,111.37,111.388,110.7,110.801,-0.554,-0.4975079700058372,308,0.168767123288,5.158904109589041,0.1805037860669128,0.5958,94.18996712,16.61103288,17.63567117380686,46.37,2.156566745740781,58.76644382143628,52.03455617856373,88.54467412844036,28.7107,3.5897,-52.03455617856373,62.39140496414718,6,2022-11-22,0.2,上交所,可转债
127041.SZ,弘亚转债,2023-09-25,117.044,116.806,117.5,116.1,116.45,-0.594,-0.5075014524452343,76,0.208219178082,2.795081967213115,0.8587376556462001,0.3251,100.73153498,15.71846502,15.60431400466682,26.44,3.7821482602118,73.1089258698941,43.3410741301059,59.28287635799276,13.3322,3.2357,-43.3410741301059,72.57799246721466,5,2021-07-12,0.5,深交所,可转债
113639.SH,华正转债,2023-09-25,122.548,122.7,122.92,120.78,121.917,-0.631,-0.5149002839703626,245,0.268493150685,4.331506849315068,0.3280920626327747,-1.9103,97.62409889,24.29290111,24.88412327100969,38.51,2.596728122565568,81.19968839262529,40.71731160737471,50.14466485449312,-197.0143,2.7594,-40.71731160737471,83.17586468492657,6,2022-01-24,0.2,上交所,可转债
123198.SZ,金埔转债,2023-09-25,120.1,120.105,120.391,118.95,119.478,-0.622,-0.517901748542881,110,0.090410958904,5.702185792349726,0.2510922512931251,0.2265,75.68554347,43.79245653,57.86105842968323,12.21,8.19000819000819,96.23259623259624,23.24540376740377,24.15543659574468,20.5412,1.6354,-23.24540376740377,127.1479226026046,6,2023-06-08,0.3,深交所,可转债
118030.SH,睿创转债,2023-09-25,143.201,143.63,143.863,142.301,142.454,-0.747,-0.5216444019245675,270,0.221917808219,5.263013698630137,0.2105942971064344,-4.0401,94.63444229,47.81955771,50.53081790608606,39.92,2.50501002004008,117.0841683366733,25.36983166332665,21.66802909713308,40.5812,4.858,-25.36983166332665,123.7225744701679,6,2022-12-30,0.3,上交所,可转债
113597.SH,佳力转债,2023-09-25,130.08,130.4,130.4,129.358,129.398,-0.682,-0.5242927429274292,58,0.28602739726,2.844262295081967,1.39105704879519,-1.9981,104.68126277,24.71673723,23.61142440964461,10.79,9.267840593141798,79.51807228915662,49.87992771084338,62.72778787878788,130.9321,2.5433,-49.87992771084338,75.96208737362046,6,2020-07-30,0.5,上交所,可转债
123080.SZ,海波转债,2023-09-25,137.544,137.544,138.041,136.525,136.822,-0.722,-0.5249229337521084,298,0.979726027397,3.186301369863014,0.8770519360921489,-2.8109,97.77296885,39.04903115,39.93847339330333,11.5,8.695652173913043,113.2173913043478,23.60460869565218,20.8489247311828,274.7879,2.4803,-23.60460869565218,115.796208948142,6,2020-12-02,0.5,深交所,可转债
127052.SZ,西子转债,2023-09-25,113.8,114.0,114.0,112.899,113.2,-0.6,-0.5272407732864675,276,0.378082191781,4.246575342465754,0.4416961130742049,0.3379,98.76384247,14.43615753,14.61684475711347,18.7,5.347593582887701,68.55614973262033,44.64385026737968,65.1201248049922,161.5221,2.542,-44.64385026737968,69.4142188255227,6,2021-12-24,0.3,深交所,可转债
110062.SH,烽火转债,2023-09-25,123.003,122.63,123.7,121.948,122.35,-0.653,-0.5308813606172207,298,1.224657534247,2.186301369863014,1.225991009399264,-5.1243,103.10475225,19.24524775,18.66572328629014,22.66,4.41306266548985,87.90820829655782,34.44179170344219,39.17926706827309,59.1722,2.0548,-34.44179170344219,85.26106350889157,6,2019-11-28,0.2,上交所,可转债
123197.SZ,光力转债,2023-09-25,131.0,130.989,131.7,130.0,130.295,-0.705,-0.5381679389312977,141,0.154520547945,5.617486338797814,0.3069956636862504,-1.2765,76.54825356,53.74674644,70.2128970164842,21.43,4.666355576294913,97.7134857676155,32.58151423238451,33.34392788920726,79.8708,5.0663,-32.58151423238451,127.6495298367921,6,2023-05-08,0.4,深交所,可转债
123092.SZ,天壕转债,2023-09-25,195.788,195.855,196.073,194.01,194.729,-1.059,-0.5408911679980387,276,0.907397260274,3.246575342465754,0.616241032409143,-14.0404,93.61156443,101.11743557,108.0181024488835,5.06,19.76284584980237,187.3517786561265,7.377221343873518,3.937630801687764,17.4733,2.0373,-7.377221343873518,200.1374293837624,6,2020-12-24,0.5,深交所,可转债
113631.SH,皖天转债,2023-09-25,124.975,124.797,125.056,124.253,124.299,-0.676,-0.5409081816363273,322,0.352876712329,4.120547945205479,0.32180468064908,-2.0492,100.21247066,24.08652934,24.03546103730001,7.56,13.22751322751323,109.6560846560847,14.64291534391535,13.35349095295537,10.9838,1.4169,-14.64291534391535,109.4235916287553,6,2021-11-08,0.2,上交所,可转债
111009.SH,盛泰转债,2023-09-25,109.944,109.938,110.129,109.077,109.346,-0.598,-0.5439132649348759,323,0.265479452055,5.117808219178082,0.2743584584712747,1.0272,95.21374951,14.13225049,14.84265724512376,10.7,9.345794392523365,74.29906542056075,35.04693457943925,47.17008805031447,17.6133,1.7013,-35.04693457943925,78.03396652576669,6,2022-11-07,0.3,上交所,可转债
123221.SZ,力诺转债,2023-09-25,117.64,117.64,117.8,116.73,117.0,-0.64,-0.5440326419585175,34,0.027945205479,5.909836065573771,0.2564102564102564,-0.5817,69.46894268,47.53105732,68.42058549666702,14.4,6.944444444444445,86.59722222222223,30.40277777777778,35.10825982357658,36.0824,2.0339,-30.40277777777778,124.656024521809,6,2023-08-23,0.3,深交所,可转债
123002.SZ,国祯转债,2023-09-25,107.2,107.249,107.55,106.586,106.61,-0.59,-0.5503731343283582,306,1.50904109589,0.1643835616438356,5.627989869618235,-3.481,105.54408785,1.06591215,1.009921229803873,8.06,12.40694789081886,82.5062034739454,24.10379652605459,29.21452631578947,12.3367,1.1807,-24.10379652605459,78.17226445805643,6,2017-11-24,0.3,深交所,可转债
123143.SZ,胜蓝转债,2023-09-25,121.0,120.795,121.5,120.09,120.33,-0.67,-0.5537190082644629,179,0.294246575342,4.513661202185793,0.4986287708800798,-0.613,89.79168668,30.53831332,34.01017894767093,23.27,4.297378599054577,86.50623119896863,33.82376880103137,39.09980625931446,34.4087,2.8835,-33.82376880103137,96.3410248737836,6,2022-03-31,0.4,深交所,可转债
113625.SH,江山转债,2023-09-25,116.56,116.455,116.76,115.8,115.909,-0.651,-0.5585106382978723,107,0.293150684932,3.710382513661202,0.8627457747025684,1.6446,99.5776046,16.3313954,16.40067108021195,55.04,1.816860465116279,68.5501453488372,47.35885465116279,69.0864394381129,23.5529,5.337,-47.35885465116279,68.84092625465426,6,2021-06-11,0.4,上交所,可转债
110067.SH,华安转债,2023-09-25,115.649,115.48,115.536,114.855,115.001,-0.648,-0.5603161289764719,198,0.43397260274,2.461748633879782,0.6956461248163059,-2.0674,102.18329076,12.81770924,12.5438407245126,6.02,16.61129568106312,80.23255813953489,34.76844186046512,43.33457971014493,17.2585,1.1309,-34.76844186046512,78.51827587739247,6,2020-03-12,0.2,上交所,可转债
113657.SH,再22转债,2023-09-25,111.849,111.809,112.18,111.116,111.221,-0.628,-0.5614712693005749,362,0.297534246575,5.010958904109589,0.2697332338317404,0.7004,85.36642819,25.85457181,30.28658028476428,6.0,16.66666666666667,74,37.221,50.29864864864865,27.9062,2.1181,-37.221,86.68513087521742,6,2022-09-29,0.3,上交所,可转债
113664.SH,大元转债,2023-09-25,132.679,131.99,132.126,130.55,131.931,-0.748,-0.5637666850066703,295,0.323287671233,5.194520547945206,0.3031887880786169,-1.6847,88.729021,43.201979,48.68979564194673,22.48,4.448398576512456,111.8327402135231,20.09825978647687,17.97171360381861,12.547,2.7295,-20.09825978647687,126.0385147420066,6,2022-12-05,0.4,上交所,可转债
123133.SZ,佩蒂转债,2023-09-25,115.1,115.166,115.166,114.3,114.45,-0.65,-0.5647263249348393,278,0.45698630137,4.241095890410959,0.5242463958060288,1.167,93.88666618,20.56333382,21.90229417729656,17.83,5.608524957936063,72.57431295569265,41.87568704430735,57.70042503863988,-38.4013,1.8693,-41.87568704430735,77.29991478934059,6,2021-12-22,0.4,深交所,可转债
118011.SH,银微转债,2023-09-25,117.581,117.556,118.199,116.51,116.903,-0.678,-0.5766237742492409,84,0.138082191781,4.773224043715847,0.5132460244818353,0.7398,81.95230875,34.95069125,42.64759807636292,31.73,3.151591553734636,78.22250236369366,38.68049763630634,49.44932272361,52.4082,2.7876,-38.68049763630634,95.44880865079188,6,2022-07-04,0.4,上交所,可转债
123157.SZ,科蓝转债,2023-09-25,123.27,123.338,123.697,122.001,122.552,-0.718,-0.582461263892269,27,0.029589041096,4.92896174863388,0.3263920621450486,-0.4328,89.36497591,33.18702409,37.13649978871236,16.01,6.246096189881325,86.94565896314803,35.60634103685197,40.95240804597701,-617.0551,5.7055,-35.60634103685197,97.29276831083301,6,2022-08-30,0.3,深交所,可转债
128106.SZ,华统转债,2023-09-25,183.58,184.3,184.87,181.84,182.507,-1.073,-0.5844863274866543,169,0.694520547945,2.540983606557377,0.8218862838137715,-17.9232,102.82438347,79.68261653,77.49389185810014,8.82,11.33786848072562,163.265306122449,19.24169387755102,11.7855375,-12.383,3.8728,-19.24169387755102,158.7807294464189,6,2020-04-10,0.3,深交所,可转债
113604.SH,多伦转债,2023-09-25,120.081,120.514,120.514,119.31,119.376,-0.705,-0.5871037049991256,348,0.953424657534,0.252054794520548,0.8376893177858196,-0.8714,99.88222626,19.49377374,19.51675935742204,10.33,9.68054211035818,71.63601161665053,47.73998838334947,66.64244324324325,176.0208,3.1092,-47.73998838334947,71.7204795077127,6,2020-10-13,0.4,上交所,可转债
123190.SZ,道氏转02,2023-09-25,105.851,105.898,105.898,105.103,105.228,-0.623,-0.5885631689828155,172,0.141369863014,5.532786885245901,0.2850952218040826,2.494,86.3055663,18.9224337,21.9249284967614,15.41,6.489292667099286,71.96625567813108,33.26174432186892,46.21852840396754,-71.6823,1.1373,-33.26174432186892,83.38541621750657,6,2023-04-07,0.3,深交所,可转债
123164.SZ,法本转债,2023-09-25,135.7,135.35,135.768,134.356,134.898,-0.802,-0.5910095799557848,340,0.372602739726,0.2794520547945206,0.296520333881896,-2.0875,98.20487032,36.69312968,37.36385940985987,11.09,9.017132551848512,119.9278629395852,14.97013706041479,12.48261804511278,40.7482,3.6145,-14.97013706041479,122.1200766813305,6,2022-10-21,0.4,深交所,可转债
123159.SZ,崧盛转债,2023-09-25,115.004,115.129,115.276,114.22,114.32,-0.684,-0.5947619213244757,364,0.299178082192,5.005479452054795,0.2624212736179146,0.8726,88.49998958,25.82001042,29.17515645203537,24.45,4.08997955010225,78.7321063394683,35.5878936605317,45.20124675324675,89.4212,3.1318,-35.5878936605317,88.96284249649321,6,2022-09-27,0.3,深交所,可转债
128082.SZ,华锋转债,2023-09-25,145.468,145.369,146.28,144.52,144.6,-0.868,-0.59669480573047,296,1.540821917808,2.191780821917808,1.313969571230982,-8.6156,96.69153971,47.90846029,49.54772716794914,9.13,10.95290251916758,124.0963855421687,20.50361445783133,16.52233009708738,-36.976,1.913,-20.50361445783133,128.3425477703241,6,2019-12-04,0.6,深交所,可转债
110090.SH,爱迪转债,2023-09-25,139.398,139.321,139.719,137.703,138.565,-0.833,-0.5975695490609622,3,0.004109589041,4.994535519125683,0.3608414823368095,-3.8383,94.96308254,43.60191746,45.91459785610283,18.57,5.385029617662897,128.163704900377,10.40129509962305,8.115632352941176,26.938,3.764,-10.40129509962305,134.9616097880903,6,2022-09-23,0.3,上交所,可转债
123193.SZ,海能转债,2023-09-25,117.753,117.726,117.94,116.244,117.032,-0.721,-0.6122986250881082,166,0.136438356164,5.549180327868853,0.2563401462847768,0.5063,86.21094459,30.82105541,35.75074551911948,21.74,4.599816007359705,80.58877644894204,36.44322355105796,45.22121461187215,29.7695,2.6594,-36.44322355105796,93.47859118375777,6,2023-04-13,0.3,深交所,可转债
127077.SZ,华宏转债,2023-09-25,112.7,112.522,112.522,111.3,112.0,-0.7,-0.6211180124223602,298,0.244931506849,5.186301369863013,0.2678571428571429,1.5156,88.66397899,23.33602101,26.3196184920056,13.92,7.183908045977011,67.52873563218391,44.47126436781609,65.85531914893618,-14.7456,1.5236,-44.47126436781609,76.16253680629443,6,2022-12-02,0.3,深交所,可转债
118023.SH,广大转债,2023-09-25,104.649,104.648,104.689,103.757,103.999,-0.65,-0.6211239476726963,348,0.28602739726,5.049315068493151,0.2884643121568477,2.9498,88.80664372,15.19235628,17.10722941844334,33.07,3.023888720895071,61.4756576957968,42.5233423042032,69.17102459419577,25.4213,1.3337,-42.5233423042032,69.22416513073556,6,2022-10-13,0.3,上交所,可转债
113672.SH,福蓉转债,2023-09-25,143.762,144.19,144.473,141.102,142.864,-0.898,-0.6246435080202001,70,0.057534246575,5.811475409836065,0.2099899204838168,-4.0041,91.03112844,51.83287156,56.93972210194432,12.25,8.16326530612245,100.8979591836735,41.96604081632653,41.59255663430421,26.0824,4.5907,-41.96604081632653,110.8389634543274,6,2023-07-18,0.3,上交所,可转债
113649.SH,丰山转债,2023-09-25,119.919,119.919,120.229,118.905,119.167,-0.752,-0.6270899523845263,91,0.149589041096,4.754098360655738,0.503495095118615,0.1672,90.51330127,28.65369873,31.65689277482697,13.73,7.283321194464676,94.46467589220684,24.70232410779315,26.14980030840401,60.6148,1.3766,-24.70232410779315,104.3655181799413,6,2022-06-27,0.3,上交所,可转债
123176.SZ,精测转2,2023-09-25,157.5,157.6,158.23,155.6,156.499,-1.001,-0.6355555555555555,208,0.11397260274,5.434426229508197,0.1277963437466054,-5.357,84.00082345,72.49817655,86.30650697508132,64.54,1.549426712116517,128.8658196467307,27.63318035326929,21.44337453408681,956.3982,7.3138,-27.63318035326929,153.4101861792293,6,2023-03-02,0.2,深交所,可转债
113646.SH,永吉转债,2023-09-25,138.341,138.499,138.499,137.338,137.451,-0.89,-0.6433378391077121,165,0.22602739726,4.551912568306011,0.3637659966097009,-4.2688,86.43082491,51.02017509,59.03006843117263,8.26,12.10653753026634,94.43099273607749,43.02000726392252,45.55708461538462,58.0942,3.3485,-43.02000726392252,109.2561511872738,6,2022-04-14,0.3,上交所,可转债
113542.SH,好客转债,2023-09-25,113.558,113.557,113.608,112.758,112.823,-0.735,-0.6472463410768066,56,0.276164383562,1.849726775956284,1.595419373709262,-0.4955,105.831824,6.991176,6.605929800472871,15.39,6.49772579597141,70.17543859649123,42.64756140350877,60.772775,19.8961,1.1955,-42.64756140350877,66.30844668848496,6,2019-08-01,0.4,上交所,可转债
127030.SZ,盛虹转债,2023-09-25,122.599,122.354,122.546,121.0,121.799,-0.8,-0.6525338705862201,188,0.30904109589,3.489071038251366,0.4926148818955821,-2.44,100.50085168,21.29814832,21.19200779294331,13.31,7.513148009015778,86.77685950413223,35.02214049586777,40.35884761904762,22.7195,2.1274,-35.02214049586777,86.34440211555054,6,2021-03-22,0.2,深交所,可转债
123180.SZ,浙矿转债,2023-09-25,114.9,114.959,115.18,114.147,114.15,-0.75,-0.6527415143603134,201,0.110136986301,5.453551912568306,0.1752080595707403,0.952,86.54785117,27.60214883,31.89235602832356,48.49,2.062280882656218,63.82759331820994,50.32240668179006,78.84114701130856,15.3657,2.3855,-50.32240668179006,73.74832818533852,6,2023-03-09,0.2,深交所,可转债
110073.SH,国投转债,2023-09-25,112.181,111.944,112.084,111.22,111.441,-0.74,-0.6596482470293543,64,0.140273972603,2.827868852459016,0.7178686479841351,-0.6905,101.02092789,10.42007211,10.31476578926917,9.66,10.351966873706,72.2567287784679,39.18427122153209,54.22923495702005,13.2883,0.9073,-39.18427122153209,71.52649484386745,6,2020-07-24,0.2,上交所,可转债
128122.SZ,兴森转债,2023-09-25,137.5,137.55,137.764,135.717,136.588,-0.912,-0.6632727272727272,65,0.267123287671,1.825136612021858,1.098193106275808,-10.5934,105.69063704,30.89736296,29.23377493533934,13.43,7.446016381236039,88.38421444527178,48.20378555472822,54.53890817186183,555.2968,3.0625,-48.20378555472822,83.6253966487321,5,2020-07-23,0.3,深交所,可转债
127005.SZ,长证转债,2023-09-25,110.0,109.89,109.93,109.227,109.27,-0.73,-0.6636363636363637,198,1.084931506849,0.4617486338797814,null,-8.463,103.79643003,5.47356997,5.273370161592252,6.71,14.90312965722802,87.63040238450074,21.63959761549926,24.69416666666667,14.6989,1.0578,-21.63959761549926,84.4252565903983,6,2018-03-12,0.2,深交所,可转债
113526.SH,联泰转债,2023-09-25,126.907,125.621,127.139,125.621,126.058,-0.849,-0.6689938301275737,246,1.213150684932,1.328767123287671,1.427914134763363,-11.2338,104.06081536,21.99718464,21.13877790011581,5.72,17.48251748251748,97.2027972027972,28.8552027972028,29.68556834532374,13.1822,1.1373,-28.8552027972028,93.40960559123299,6,2019-01-23,0.3,上交所,可转债
128074.SZ,游族转债,2023-09-25,118.15,118.66,119.27,116.501,117.357,-0.793,-0.671180702496826,3,0.014794520548,1.994535519125683,1.533781538382883,-0.2401,110.00810967,7.34889033,6.680316889404832,16.97,5.892751915144372,67.41308190925162,49.94391809074838,74.08638898601399,-100.665,2.3829,-49.94391809074838,61.28010208654249,6,2019-09-23,0.4,深交所,可转债
113060.SH,浙22转债,2023-09-25,125.375,125.1,125.377,124.427,124.522,-0.853,-0.6803589232303091,104,0.11397260274,4.718579234972678,0.321228377314852,-2.7224,95.00118702,29.52081298,31.07415170905724,10.19,9.813542688910697,99.01864573110893,25.50335426889107,25.75611298315164,21.4669,1.5349,-25.50335426889107,104.2288510671589,6,2022-06-14,0.2,上交所,可转债
113049.SH,长汽转债,2023-09-25,112.669,112.669,112.989,111.313,111.9,-0.769,-0.6825302434564965,108,0.177534246575,3.707650273224044,0.5361930294906166,-0.4911,98.69686182,13.20313818,13.37746503437914,40.09,2.494387627837366,64.52980793215265,47.37019206784734,73.40823347506765,80.7296,3.5247,-47.37019206784734,65.38182343612904,6,2021-06-10,0.2,上交所,可转债
123061.SZ,航新转债,2023-09-25,124.362,124.498,124.65,123.51,123.512,-0.85,-0.6834885254338142,66,0.325479452055,2.8224043715847,1.457348273851933,-0.355,92.83275852,30.67924148,33.04786151904602,14.83,6.743088334457181,83.74915711395819,39.76284288604181,47.47849919484702,451.8188,4.1506,-39.76284288604181,90.21509050160905,6,2020-07-22,0.5,深交所,可转债
127061.SZ,美锦转债,2023-09-25,101.131,101.05,101.2,100.351,100.438,-0.693,-0.6852498244850738,159,0.174246575342,4.568306010928962,0.3982556402955057,4.6782,94.08059762,6.35740238,6.757400081234731,12.93,7.733952049497293,53.36426914153132,47.07373085846868,88.21207826086956,40.0093,2.0654,-47.07373085846868,56.7218645411612,6,2022-04-20,0.3,深交所,可转债
127067.SZ,恒逸转2,2023-09-25,110.4,110.4,110.448,109.551,109.64,-0.76,-0.6884057971014492,67,0.055068493151,4.819672131147541,0.2736227654140824,0.6368,96.22419779,13.41580221,13.94223336553939,10.5,9.523809523809524,70.95238095238095,38.68761904761904,54.5261744966443,179.5024,1.1397,-38.68761904761904,73.7365263436414,6,2022-07-21,0.2,深交所,可转债
127087.SZ,星帅转2,2023-09-25,127.099,127.171,127.678,126.05,126.204,-0.895,-0.7041754852516542,104,0.085479452055,5.718579234972678,0.2377103736807074,-0.7756,75.40268887,50.80131113,67.37334157616759,13.35,7.49063670411985,95.95505617977528,30.24894382022472,31.52407494145199,16.9629,2.4771,-30.24894382022472,127.2568095618037,6,2023-06-14,0.3,深交所,可转债
113594.SH,淳中转债,2023-09-25,125.993,126.018,126.58,124.84,125.105,-0.888,-0.7048010603763701,67,0.330410958904,2.819672131147541,1.438791415211223,-1.7889,95.75171187,29.35328813,30.65562751489218,17.93,5.577244841048522,88.51087562744004,36.59412437255995,41.34421235034657,222.4664,2.9877,-36.59412437255995,92.43790413649138,6,2020-07-21,0.5,上交所,可转债
128109.SZ,楚江转债,2023-09-25,117.852,117.646,117.646,116.819,117.021,-0.831,-0.7051216780368598,114,0.468493150685,2.691256830601093,1.281821211577409,-1.2123,104.02002548,13.00097452,12.49853041278067,8.23,12.15066828675577,84.93317132442284,32.08782867557716,37.78009012875536,21.8736,1.5689,-32.08782867557716,81.65078880965378,6,2020-06-04,0.4,深交所,可转债
118025.SH,奕瑞转债,2023-09-25,116.566,116.5,117.166,115.25,115.744,-0.822,-0.7051798980834891,337,0.184657534247,5.079452054794521,0.1727951340890241,-0.1813,94.97128834,20.77271166,21.87262279272561,354.54,0.2820556213685339,65.01100016923337,50.73299983076663,78.03756241051673,36.1275,6.2493,-50.73299983076663,68.45332026716547,6,2022-10-24,0.2,上交所,可转债
127047.SZ,帝欧转债,2023-09-25,91.031,91.032,91.152,90.301,90.387,-0.644,-0.7074513077962452,336,0.460273972603,4.082191780821918,0.5531768949074535,7.3843,86.61762206,3.76937794,4.351744887880844,13.34,7.496251874062969,50,40.387,80.774,-21.202,1.0254,-40.387,57.72497421525266,6,2021-10-25,0.3,深交所,可转债
113616.SH,韦尔转债,2023-09-25,113.121,113.2,113.399,112.211,112.308,-0.813,-0.7186994457262578,272,0.447123287671,3.257534246575343,0.5342451116572283,0.4409,103.16272771,9.14527229,8.864899652235067,164.36,0.6084205402774397,57.73910927232903,54.56889072767097,94.5094086406744,366.4957,5.9966,-54.56889072767097,55.96896335916885,6,2020-12-28,0.2,上交所,可转债
127046.SZ,百润转债,2023-09-25,116.75,116.552,116.884,115.635,115.91,-0.84,-0.7194860813704497,362,0.495890410959,4.010958904109589,0.4313691657320335,-0.2448,99.80819652,16.10180348,16.13274664949331,46.95,2.129925452609159,62.12992545260916,53.78007454739084,86.56066163866987,34.8623,7.5944,-53.78007454739084,62.24932181813274,6,2021-09-29,0.3,深交所,可转债
123178.SZ,花园转债,2023-09-25,115.13,115.3,115.3,114.2,114.3,-0.83,-0.7209241726743681,204,0.167671232877,5.445355191256831,0.2624671916010499,0.9612,86.78065905,27.51934095,31.71137584256454,15.05,6.644518272425249,75.41528239202658,38.88471760797342,51.56079295154185,26.6788,2.381,-38.88471760797342,86.90332986359888,6,2023-03-06,0.3,深交所,可转债
118036.SH,力合转债,2023-09-25,128.309,128.009,128.181,127.05,127.38,-0.929,-0.7240333881489217,90,0.07397260274,5.756830601092896,0.2355157795572303,-1.033,84.94140974,42.43859026,49.9621920449657,43.78,2.284148012791229,87.82549109182276,39.55450890817725,45.03761768530559,38.2084,4.5748,-39.55450890817725,103.3953773084892,6,2023-06-28,0.3,上交所,可转债
113632.SH,鹤21转债,2023-09-25,123.817,123.763,123.899,122.834,122.912,-0.905,-0.730917402295323,313,0.428767123288,4.145205479452055,0.4067951054412913,-1.2476,100.9514197,21.9605803,21.75361214855704,19.84,5.040322580645161,92.64112903225806,30.27087096774194,32.67541240478781,35.9165,1.9763,-30.27087096774194,91.76802991732276,6,2021-11-17,0.3,上交所,可转债
123115.SZ,捷捷转债,2023-09-25,111.99,111.864,112.041,111.0,111.162,-0.828,-0.7393517278328422,110,0.301369863014,3.702185792349727,0.8995879887011748,1.538,95.1651515,15.9968485,16.8095655267254,28.78,3.474635163307853,60.0416956219597,51.12030437804031,85.14134027777777,66.2335,3.5068,-51.12030437804031,63.09210322852236,6,2021-06-08,0.4,深交所,可转债
110068.SH,龙净转债,2023-09-25,153.494,153.002,154.202,150.17,152.357,-1.137,-0.7407455666019519,186,0.764383561644,2.494535519125683,0.9845297557709852,-11.3611,105.47451355,46.88248645,44.44911369776116,10.12,9.881422924901186,146.2450592885376,6.11194071146245,4.179245945945946,18.6953,2.1421,-6.11194071146245,138.6544050939949,6,2020-03-24,0.2,上交所,可转债
110089.SH,兴发转债,2023-09-25,111.367,111.319,111.367,110.35,110.537,-0.83,-0.745283611841928,4,0.005479452055,4.991803278688525,0.4523372264490623,0.7744,97.14547874,13.39152126,13.7850175156798,30.0,3.333333333333334,67.03333333333333,43.50366666666667,64.89855793137743,18.367,1.1337,-43.50366666666667,69.00303977372045,6,2022-09-22,0.2,上交所,可转债
113621.SH,彤程转债,2023-09-25,133.965,134.2,134.736,132.463,132.966,-0.999,-0.7457171649311387,243,0.665753424658,3.336986301369863,0.7520719582449649,-4.5179,102.31237975,30.65362025,29.96081248906734,32.45,3.081664098613251,91.5562403697997,41.40975963020031,45.22876809155167,39.6214,5.557,-41.40975963020031,89.48696198203687,6,2021-01-26,0.3,上交所,可转债
113673.SH,岱美转债,2023-09-25,143.228,144.696,144.696,141.7,142.158,-1.07,-0.7470606306029547,70,0.057534246575,5.811475409836065,0.2110327944962647,-3.3336,94.23774071,47.92025929,50.85039064918389,15.72,6.361323155216285,110.559796437659,31.59820356234097,28.58019332566168,32.6115,5.3171,-31.59820356234097,117.320083869463,6,2023-07-18,0.3,上交所,可转债
113527.SH,维格转债,2023-09-25,123.61,123.602,123.939,122.42,122.681,-0.929,-0.7515573173691449,245,1.342465753425,1.331506849315069,1.630244292107172,-3.5421,112.82628387,9.85471613,8.734415237281713,9.65,10.36269430051813,93.57512953367876,29.10587046632124,31.10428017718715,10.9373,0.9759,-29.10587046632124,82.93734963521204,6,2019-01-24,0.5,上交所,可转债
127071.SZ,天箭转债,2023-09-25,119.8,119.865,120.15,118.691,118.899,-0.901,-0.7520868113522537,35,0.028767123288,4.907103825136612,0.2523149900335579,-1.2265,95.03071508,23.86828492,25.11638989552682,53.02,1.886080724254998,78.00829875518673,40.89070124481328,52.41839893617021,97.0788,4.2797,-40.89070124481328,82.08745844910959,6,2022-08-22,0.2,深交所,可转债
123215.SZ,铭利转债,2023-09-25,117.202,117.201,117.303,115.705,116.315,-0.887,-0.7568130236685381,54,0.044383561644,5.855191256830601,0.2579203026264884,1.0175,86.69050874,29.62449126,34.17270436011517,37.67,2.654632333421821,73.87841783912928,42.43658216087072,57.44110851598994,28.6398,4.6883,-42.43658216087072,85.2208839386369,6,2023-08-03,0.3,深交所,可转债
111002.SH,特纸转债,2023-09-25,127.125,127.046,127.158,125.858,126.138,-0.987,-0.776401179941003,292,0.4,4.202739726027398,0.3963912540233712,-1.8492,100.63834979,25.49965021,25.33790574190615,14.54,6.87757909215956,100.5502063273728,25.58779367262724,25.44777838577291,-243.0882,2.9899,-25.58779367262724,99.91241563200195,6,2021-12-08,0.3,上交所,可转债
123050.SZ,聚飞转债,2023-09-25,134.3,134.023,134.7,132.7,133.255,-1.045,-0.7781087118391661,165,0.678082191781,2.551912568306011,1.125661326029042,-3.4573,106.25727791,26.99772209,25.40788040219428,4.88,20.49180327868853,107.9918032786885,25.26319672131148,23.39362428842505,29.9837,2.482,-25.26319672131148,101.6323826497397,6,2020-04-14,0.4,深交所,可转债
127050.SZ,麒麟转债,2023-09-25,131.686,131.29,131.826,130.083,130.65,-1.036,-0.7867199246692891,319,0.43698630137,4.128767123287672,0.3827018752391887,-3.1455,99.286838,31.363162,31.58843874149764,28.67,3.487966515521451,106.1039414021625,24.54605859783746,23.13397435897436,18.666,2.8341,-24.54605859783746,106.8660696014537,6,2021-11-11,0.3,深交所,可转债
123217.SZ,富仕转债,2023-09-25,127.0,127.0,127.288,124.651,126.0,-1.0,-0.7874015748031497,49,0.040273972603,5.868852459016393,0.2380952380952381,-1.5974,80.62736612,45.37263388,56.27448354504179,41.77,2.39406272444338,91.66866171893703,34.33133828106296,37.45155393053017,19.6339,3.0087,-34.33133828106296,113.6942283126352,6,2023-08-08,0.3,深交所,可转债
123161.SZ,强联转债,2023-09-25,115.12,115.12,115.638,114.11,114.206,-0.914,-0.7939541348158443,350,0.287671232877,5.043835616438356,0.2626832215470291,0.5072,97.17539781,17.03060219,17.52563156293808,40.91,2.444390124663896,72.28061598631142,41.92538401368859,58.00363408860331,50.7043,2.7078,-41.92538401368859,74.38160029726501,6,2022-10-11,0.3,深交所,可转债
113644.SH,艾迪转债,2023-09-25,116.445,116.397,116.6,115.3,115.503,-0.942,-0.8089656060801237,164,0.224657534247,4.554644808743169,0.4328891890253933,0.8581,91.66848653,23.83451347,26.00077122708879,23.74,4.212299915754001,75.61078348778433,39.89221651221567,52.759956545961,46.008,4.9397,-39.89221651221567,82.4828535409925,6,2022-04-15,0.3,上交所,可转债
127020.SZ,中金转债,2023-09-25,131.906,131.569,131.905,130.25,130.799,-1.107,-0.8392339999696754,68,0.186301369863,2.816939890710382,0.7645318389284321,-5.2638,103.51185621,27.28714379,26.3613703677008,4.44,22.52252252252252,116.4414414414414,14.35755855855856,12.33028239845261,17.8806,1.6094,-14.35755855855856,112.4909220111081,6,2020-07-20,0.2,深交所,可转债
113643.SH,风语转债,2023-09-25,120.017,120.011,120.469,118.86,119.001,-1.016,-0.846546739211945,185,0.253424657534,4.497267759562842,0.4201645364324669,0.1896,92.07274774,26.92825226,29.24671297531106,15.23,6.565988181221274,75.57452396585686,43.42647603414314,57.46179235447437,29.9614,3.0306,-43.42647603414314,82.08131702473818,6,2022-03-25,0.3,上交所,可转债
111014.SH,李子转债,2023-09-25,123.737,123.422,124.548,122.005,122.687,-1.05,-0.8485739916112399,98,0.080547945205,5.734972677595629,0.2445246847669272,-0.8231,94.51855658,28.16844342,29.80202453277879,19.47,5.136106831022086,81.61273754494094,41.07426245505906,50.32824984266834,23.2948,3.5361,-41.07426245505906,86.34572987354537,6,2023-06-20,0.3,上交所,可转债
113615.SH,金诚转债,2023-09-25,317.828,316.928,318.528,311.738,315.101,-2.727,-0.8580112513686649,277,0.758904109589,3.243835616438356,0.3173585612232269,-26.8047,104.51472425,210.58627575,201.489576957861,12.43,8.045052292839904,298.7127916331456,16.38820836685439,5.486276057096688,27.7816,3.415,-16.38820836685439,285.8092902954252,6,2020-12-23,0.4,上交所,可转债
123165.SZ,回天转债,2023-09-25,112.227,112.227,112.3,111.194,111.253,-0.974,-0.8678838425690787,334,0.274520547945,5.087671232876712,0.2696556497352881,1.5791,88.75511344,22.49788656,25.34827086352491,15.45,6.472491909385114,67.37864077669903,43.87435922330097,65.11612391930835,13.0349,2.1479,-43.87435922330097,75.91522129285336,6,2022-10-27,0.3,深交所,可转债
123122.SZ,富瀚转债,2023-09-25,114.468,114.468,114.468,113.0,113.45,-1.018,-0.8893315162316106,51,0.139726027397,3.863387978142077,0.881445570736007,1.3782,87.7674219,25.6825781,29.2620855711839,92.41,1.082133968185261,52.06146520939292,61.38853479060708,117.9154957389316,43.1258,4.8255,-61.38853479060708,59.31752816974669,6,2021-08-06,0.3,深交所,可转债
113545.SH,金能转债,2023-09-25,120.018,119.755,119.965,118.69,118.949,-1.069,-0.8906997283740772,347,1.42602739726,2.052054794520548,1.261044649387553,-2.3911,106.54796674,12.40103326,11.6389206095891,9.96,10.04016064257028,84.53815261044177,34.41084738955824,40.70451781472684,-59.0058,0.8581,-34.41084738955824,79.34281169037517,6,2019-10-11,0.4,上交所,可转债
127076.SZ,中宠转2,2023-09-25,121.852,122.272,122.272,120.24,120.765,-1.087,-0.8920657847224502,336,0.184109589041,5.082191780821918,0.1656108971970356,-0.716,85.88342701,34.88157299,40.61502225096176,28.3,3.53356890459364,82.86219081272085,37.90280918727915,45.7419829424307,35.8587,3.2719,-37.90280918727915,96.48216623106183,6,2022-10-25,0.2,深交所,可转债
123194.SZ,百洋转债,2023-09-25,131.15,131.4,133.5,128.702,129.97,-1.18,-0.8997331300038124,165,0.135616438356,5.551912568306011,0.2308224974994229,-1.7093,84.77258069,45.19741931,53.31608279719578,26.88,3.720238095238095,88.83928571428571,41.13071428571428,46.29788944723618,20.728,5.6888,-41.13071428571428,104.7971938463889,6,2023-04-14,0.3,深交所,可转债
123114.SZ,三角转债,2023-09-25,129.983,129.983,130.351,128.561,128.8,-1.183,-0.9101190155635737,124,0.339726027397,3.663934426229508,0.7763975155279503,-1.9496,97.42223628,31.37776372,32.20801011980219,31.72,3.152585119798235,93.31651954602775,35.48348045397226,38.02486486486487,19.3483,3.3102,-35.48348045397226,95.78564720874188,6,2021-05-25,0.4,深交所,可转债
128142.SZ,新乳转债,2023-09-25,119.29,119.43,119.43,117.75,118.2,-1.09,-0.9137396261212172,282,0.772602739726,3.23013698630137,0.8460236886632826,-1.0553,102.76892441,15.43107559,15.01531292517689,18.33,5.455537370430988,79.32351336606656,38.87648663393344,49.01004126547456,26.5972,5.2317,-38.87648663393344,77.18628352049575,6,2020-12-18,0.3,深交所,可转债
118010.SH,洁特转债,2023-09-25,105.207,104.35,104.92,104.126,104.238,-0.969,-0.9210413755738687,90,0.123287671233,4.756830601092896,0.4796715209424586,2.0885,77.76149018,26.47650982,34.04835704500127,48.09,2.079434393844874,36.63963401954668,67.59836598045332,184.4951997729853,417.5107,2.4671,-67.59836598045332,47.11796794883218,6,2022-06-28,0.3,上交所,可转债
123182.SZ,广联转债,2023-09-25,118.383,118.55,118.55,117.1,117.28,-1.103,-0.9317216154346486,188,0.154520547945,5.489071038251367,0.2557980900409277,0.5971,77.10902742,40.17097258,52.09632895665435,32.1,3.115264797507788,75.10903426791278,42.17096573208723,56.14632932393198,48.3657,3.7593,-42.17096573208723,97.40627885086191,6,2023-03-22,0.3,深交所,可转债
110087.SH,天业转债,2023-09-25,110.67,110.622,110.97,109.501,109.637,-1.033,-0.9334056203126412,95,0.104109589041,4.743169398907104,0.3648403367476308,0.5152,95.97647425,13.66052575,14.23320230999213,6.8,14.70588235294118,74.11764705882354,35.51935294117647,47.92293650793651,-7.3172,0.9378,-35.51935294117647,77.2248070561141,6,2022-06-23,0.2,上交所,可转债
118032.SH,建龙转债,2023-09-25,113.076,112.45,112.599,111.763,112.02,-1.056,-0.9338851745728537,202,0.16602739726,5.450819672131147,0.2678093197643278,1.341,86.74027567,25.27972433,29.14415954380376,87.14,1.147578609134726,58.45765434932293,53.56234565067707,91.62588928150765,28.26,2.6911,-53.56234565067707,67.39389965939559,6,2023-03-08,0.3,上交所,可转债
113577.SH,春秋转债,2023-09-25,123.175,123.219,123.47,121.6,121.998,-1.177,-0.9555510452608078,165,0.678082191781,2.551912568306011,1.229528352923818,-1.9923,101.04503193,20.95296807,20.73626745401534,10.65,9.389671361502348,77.55868544600939,44.43931455399061,57.29766343825666,-118.6449,1.4181,-44.43931455399061,76.75655493853372,6,2020-04-14,0.5,上交所,可转债
123107.SZ,温氏转债,2023-09-25,123.181,123.219,123.92,122.0,122.0,-1.181,-0.9587517555467158,181,0.495890410959,3.508196721311475,0.819672131147541,-2.3793,101.60951545,20.39048455,20.06749511568506,17.05,5.865102639296188,102.8739002932551,19.12609970674487,18.59179019384265,-12.4305,3.5287,-19.12609970674487,101.2443567294417,6,2021-03-26,0.2,深交所,可转债
123209.SZ,聚隆转债,2023-09-25,145.0,145.0,145.449,141.64,143.6,-1.4,-0.9655172413793104,62,0.05095890411,5.833333333333333,0.2089136490250697,-3.2509,73.44919243,70.15080757,95.50929731032306,18.27,5.473453749315818,98.90530925013684,44.69469074986316,45.18937465412286,29.7109,2.4404,-44.69469074986316,134.6581303046967,6,2023-07-26,0.3,深交所,可转债
118038.SH,金宏转债,2023-09-25,129.905,129.35,129.905,128.518,128.622,-1.283,-0.9876448173665371,71,0.058356164384,5.808743169398907,0.2332415916406214,-1.1921,84.69080548,43.93119452,51.87244857456751,27.48,3.63901018922853,91.95778748180494,36.66421251819505,39.87069885239414,37.9947,4.2735,-36.66421251819505,108.5806032433132,6,2023-07-17,0.3,上交所,可转债
113628.SH,晨丰转债,2023-09-25,126.776,126.942,127.048,125.403,125.512,-1.264,-0.9970341389537452,34,0.093150684932,3.90983606557377,0.79673656702148,-1.0579,81.44636022,44.06563978,54.10387850478703,12.94,7.727975270479135,113.9876352395672,11.52436476043277,10.11018847457627,109.8925,2.2808,-11.52436476043277,139.9542409650571,6,2021-08-23,0.5,上交所,可转债
110086.SH,精工转债,2023-09-25,113.942,113.677,113.891,112.544,112.804,-1.138,-0.998753751908866,157,0.215068493151,4.573770491803279,0.4432466933796674,0.7785,98.88406592,13.91993408,14.07702439264747,4.92,20.32520325203252,72.96747967479675,39.83652032520325,54.59489693593315,9.2399,0.8859,-39.83652032520325,73.79093789876066,6,2022-04-22,0.3,上交所,可转债
113047.SH,旗滨转债,2023-09-25,120.193,120.192,120.29,118.856,118.983,-1.21,-1.0067142013262,170,0.279452054795,3.538251366120218,0.5042737197750939,-1.3678,101.65932826,17.32367174,17.04090715186868,11.76,8.503401360544217,69.04761904761905,49.93538095238095,72.32020689655172,16.8344,1.6699,-49.93538095238095,67.92059344620644,6,2021-04-09,0.2,上交所,可转债
123219.SZ,宇瞳转债,2023-09-25,123.7,123.9,123.916,122.313,122.451,-1.249,-1.009700889248181,46,0.037808219178,5.877049180327869,0.2449959575667002,-0.5226,73.17616414,49.27483586,67.33727633731635,15.32,6.527415143603133,91.44908616187989,31.0019138381201,33.90073661670235,87.2718,2.5437,-31.0019138381201,124.9711394914337,6,2023-08-11,0.3,深交所,可转债
113027.SH,华钰转债,2023-09-25,136.37,136.181,136.472,134.557,134.992,-1.378,-1.010486177311726,104,0.512876712329,1.718579234972678,1.333412350361503,-10.4764,94.91121457,40.08078543,42.22976769561743,7.26,13.77410468319559,124.5179063360882,10.47409366391185,8.411716814159291,43.139,2.4506,-10.47409366391185,131.1940921841774,6,2019-06-13,0.3,上交所,可转债
127035.SZ,濮耐转债,2023-09-25,119.88,119.806,119.806,118.001,118.666,-1.214,-1.012679346012679,123,0.505479452055,2.666666666666667,1.264052045236209,-1.7544,104.13886792,14.52713208,13.94976954345213,4.32,23.14814814814815,87.96296296296296,30.70303703703704,34.90450526315789,13.2394,1.1818,-30.70303703703704,84.46698597735531,5,2021-05-26,0.6,深交所,可转债
127091.SZ,科数转债,2023-09-25,122.06,122.22,122.222,120.412,120.8,-1.26,-1.032279206947403,34,0.027945205479,5.909836065573771,0.2483443708609271,-0.6803,93.08125986,27.71874014,29.77907710068676,34.67,2.884338044418806,84.16498413614076,36.63501586385925,43.52762165867032,20.9296,3.3601,-36.63501586385925,90.4209765346216,6,2023-08-23,0.3,深交所,可转债
113030.SH,东风转债,2023-09-25,119.836,118.711,119.838,118.166,118.587,-1.249,-1.042257752261424,276,1.134246575342,2.246575342465754,1.264894128361456,-1.2665,107.71175525,10.87524475,10.09661826117164,4.96,20.16129032258064,80.64516129032258,37.94183870967742,47.04788,15.2787,1.2793,-37.94183870967742,74.87127203817671,6,2019-12-23,0.4,上交所,可转债
113066.SH,平煤转债,2023-09-25,127.467,127.3,129.11,125.73,126.121,-1.346,-1.055959581695655,194,0.106301369863,5.472677595628415,0.1585778736292925,-2.3072,94.09796982,32.02303018,34.03158457218243,9.06,11.03752759381898,116.6666666666667,9.454333333333333,8.103714285714286,5.4742,1.1229,-9.454333333333333,123.9842548036247,6,2023-03-16,0.2,上交所,可转债
113670.SH,金23转债,2023-09-25,118.273,118.6,118.6,116.662,117.006,-1.267,-1.071250412181986,162,0.133150684932,5.560109289617486,0.2563971078406236,0.4787,97.58482642,19.42117358,19.90183750126509,38.85,2.574002574002574,70.70785070785071,46.29814929214929,65.47808882417182,27.7128,1.6449,-46.29814929214929,72.45783315074806,6,2023-04-17,0.3,上交所,可转债
113674.SH,华设转债,2023-09-25,128.327,128.285,128.59,126.557,126.947,-1.38,-1.075377745914734,67,0.055068493151,5.819672131147541,0.2363190937950483,-1.4004,94.20830487,32.73869513,34.75138967331682,8.86,11.28668171557562,92.21218961625283,34.73481038374718,37.66835006119951,10.6577,1.2423,-34.73481038374718,97.88116848456019,6,2023-07-21,0.3,上交所,可转债
110043.SH,无锡转债,2023-09-25,110.373,110.1,110.3,109.011,109.174,-1.199,-1.086316399844165,239,1.178630136986,0.3479452054794521,5.495814021653508,-8.3557,105.06376769,4.11023231,3.912131080362173,5.43,18.41620626151013,103.4990791896869,5.674920810313076,5.483064056939502,4.9108,0.6684,-5.674920810313076,98.51072492952106,6,2018-01-30,0.3,上交所,可转债
128023.SZ,亚太转债,2023-09-25,110.83,110.664,111.117,109.21,109.61,-1.22,-1.100784986014617,296,1.621917808219,0.1917808219178082,7.298604141957851,-7.6591,107.45826116,2.15173884,2.002394992038972,10.24,9.765625,93.45703125,16.15296875,17.28384535005225,52.0287,2.7659,-16.15296875,86.9705411581592,6,2017-12-04,0.3,深交所,可转债
118043.SH,福立转债,2023-09-25,121.295,121.389,121.627,119.505,119.919,-1.376,-1.134424337359331,43,0.035342465753,5.885245901639344,0.2501688639831887,0.026,84.27090253,35.64809747,42.30178673749158,21.28,4.699248120300752,86.93609022556392,32.98290977443609,37.93926054054054,66.9267,2.2465,-32.98290977443609,103.1626428761874,6,2023-08-14,0.3,上交所,可转债
127038.SZ,国微转债,2023-09-25,135.856,135.588,135.95,134.25,134.3,-1.556,-1.145330349782122,108,0.177534246575,3.707650273224044,0.4467609828741623,-4.4109,101.45197878,32.84802122,32.37790096852756,98.18,1.018537380321858,89.9674068038297,44.3325931961703,49.27628212385373,26.9525,7.2409,-44.3325931961703,88.67979499830679,6,2021-06-10,0.2,深交所,可转债
123140.SZ,天地转债,2023-09-25,139.421,139.58,139.668,137.611,137.652,-1.769,-1.268818901026388,196,0.375890410959,0.1150684931506849,0.3292932093428283,-3.4838,99.25885708,38.39314292,38.67981563504822,12.04,8.305647840531561,130.0664451827243,7.585554817275748,5.832061302681993,40.6271,5.246,-7.585554817275748,131.0376212350442,6,2022-03-14,0.5,深交所,可转债
118021.SH,新致转债,2023-09-25,174.732,173.308,175.249,170.629,172.507,-2.225,-1.273378659890575,364,0.498630136986,5.005479452054795,0.2898433107062322,-7.4278,70.94758615,101.55941385,143.1471024754519,10.68,9.363295880149813,163.9513108614232,8.55568913857678,5.218432895488292,76.8962,3.7727,-8.55568913857678,231.08793372447,6,2022-09-27,0.5,上交所,可转债
123210.SZ,信服转债,2023-09-25,130.7,130.624,131.09,128.4,128.99,-1.71,-1.308339709257842,61,0.050136986301,5.836065573770492,0.2325761686952477,-2.3065,90.67305502,38.31694498,42.2583588603564,111.74,0.8949346697691068,83.41686056917845,45.57313943082155,54.63300718806995,-35.1007,5.0762,-45.57313943082155,91.99740821656331,6,2023-07-27,0.3,深交所,可转债
113669.SH,景23转债,2023-09-25,126.099,125.82,126.984,124.2,124.447,-1.652,-1.310081761155917,175,0.143835616438,5.524590163934426,0.2410664780991105,-1.7463,92.0521062,32.3948938,35.19190938403536,25.21,3.966679888932963,84.3316144387148,40.1153855612852,47.56862041392286,22.1579,2.3074,-40.1153855612852,91.61291133902898,6,2023-04-04,0.3,上交所,可转债
127082.SZ,亚科转债,2023-09-25,125.324,125.324,125.6,122.024,123.666,-1.658,-1.322970859532093,201,0.165205479452,5.453551912568306,0.2425889088350881,-1.013,95.55278404,28.11321596,29.42166075269072,6.06,16.5016501650165,96.86468646864687,26.80131353135313,27.66881771720613,16.0123,1.3566,-26.80131353135313,101.3729609679375,6,2023-03-09,0.3,深交所,可转债
123208.SZ,孩王转债,2023-09-25,119.799,119.616,119.979,117.801,118.204,-1.595,-1.331396756233358,64,0.052602739726,5.827868852459017,0.253798517816656,-0.4633,92.57657355,25.62742645,27.68240977957431,11.63,8.598452278589853,82.3731728288908,35.8308271711092,43.49817536534447,76.5862,3.4572,-35.8308271711092,88.97842042555354,6,2023-07-24,0.3,深交所,可转债
123177.SZ,测绘转债,2023-09-25,142.08,142.08,143.05,140.01,140.16,-1.92,-1.351351351351351,208,0.11397260274,5.434426229508197,0.1426940639269407,-2.8461,76.71962861,63.44037139,82.69118677893454,13.28,7.530120481927711,119.6536144578313,20.50638554216868,17.13812460667086,96.2242,2.1761,-20.50638554216868,155.9621919783839,6,2023-03-02,0.2,深交所,可转债
110080.SH,东湖转债,2023-09-25,129.814,129.74,130.0,127.31,128.044,-1.77,-1.363489300075493,167,0.457534246575,0.1972602739726027,null,-3.2098,99.9695577,28.0744423,28.08299140849355,5.71,17.51313485113835,113.1348511383538,14.90914886164624,13.17821052631579,27.732,0.9264,-14.90914886164624,113.1693024769217,6,2021-04-12,0.3,上交所,可转债
123085.SZ,万顺转2,2023-09-25,126.5,126.501,126.866,124.697,124.76,-1.74,-1.375494071146245,289,0.791780821918,3.210958904109589,0.8015389547932029,-3.2914,93.96465955,30.79534045,32.77332201008331,6.67,14.99250374812594,97.75112443778112,27.00887556221889,27.63024539877301,95.0869,1.0762,-27.00887556221889,104.0296691393494,6,2020-12-11,0.4,深交所,可转债
113530.SH,大丰转债,2023-09-25,126.882,126.956,127.294,124.5,125.109,-1.773,-1.397361327847922,183,1.253424657534,1.502732240437158,1.998257519443046,-3.5959,113.63218909,11.47681091,10.09996463318156,15.94,6.273525721455458,82.68506900878293,42.42393099121706,51.3078497723824,22.1571,1.9295,-42.42393099121706,72.76553384296237,6,2019-03-26,0.4,上交所,可转债
123167.SZ,商络转债,2023-09-25,134.38,134.403,134.522,132.01,132.5,-1.88,-1.399017710968894,313,0.34301369863,5.145205479452055,0.3018867924528302,-1.7077,79.75570315,52.74429685,66.13232003083405,6.91,14.47178002894356,106.2228654124457,26.27713458755427,24.73773841961853,95.6591,2.6868,-26.27713458755427,133.1852911040955,6,2022-11-17,0.4,深交所,可转债
113024.SH,核建转债,2023-09-25,114.683,114.601,114.775,112.9,113.055,-1.628,-1.419565236347148,171,0.843287671233,1.53551912568306,1.59214541594799,-3.6777,102.633529,10.421471,10.1540608625082,9.2,10.86956521739131,79.34782608695652,33.70717391304348,42.48027397260274,12.3307,1.2366,-33.70717391304348,77.31179747990203,6,2019-04-04,0.2,上交所,可转债
123059.SZ,银信转债,2023-09-25,138.985,138.985,140.37,136.92,136.93,-2.055,-1.478576824837213,73,0.3,2.80327868852459,1.095450230044548,-4.0973,104.63416241,32.29583759,30.86548106865091,9.45,10.58201058201058,120.5291005291005,16.40089947089947,13.60741878841089,29.8297,3.1465,-16.40089947089947,115.1909641679145,6,2020-07-15,0.4,深交所,可转债
123096.SZ,思创转债,2023-09-25,104.164,103.969,104.164,102.613,102.62,-1.544,-1.482277946315426,243,0.665753424658,3.336986301369863,0.9744689144416293,5.7071,111.93501542,-9.31501542,-8.321806527696818,4.5,22.22222222222222,97.77777777777777,4.842222222222222,4.952272727272727,-19.4197,3.8159,-4.842222222222222,87.35227078934884,6,2021-01-26,0.4,深交所,可转债
113504.SH,艾华转债,2023-09-25,126.774,126.9,127.233,124.676,124.865,-1.909,-1.505829270986164,208,1.139726027397,0.4344262295081967,null,-34.7777,104.79900647,20.06599353,19.14712191068733,20.21,4.948045522018803,104.7501237011381,20.11487629886195,19.20272319319792,21.7611,2.5479,-20.11487629886195,99.95335569438252,6,2018-03-02,0.3,上交所,可转债
110058.SH,永鼎转债,2023-09-25,162.043,160.11,162.188,158.01,159.597,-2.446,-1.50947587985905,163,0.803835616438,1.557377049180328,1.127840748886257,-20.601,103.20627731,56.39072269,54.63884965118891,5.04,19.84126984126984,120.8333333333333,38.76366666666667,32.08027586206897,106.3192,2.8722,-38.76366666666667,117.0794417575852,6,2019-04-15,0.4,上交所,可转债
127014.SZ,北方转债,2023-09-25,193.0,192.8,194.88,188.386,189.9,-3.1,-1.606217616580311,337,1.384931506849,2.07945205479452,0.7898894154818326,-22.3231,106.93848703,82.96151297,77.57872331476541,7.74,12.91989664082687,172.7390180878553,17.1609819121447,9.934629768137622,13.3346,1.6628,-17.1609819121447,161.5311969388495,6,2019-10-24,0.5,深交所,可转债
128021.SZ,兄弟转债,2023-09-25,111.5,111.589,111.784,109.467,109.703,-1.797,-1.611659192825112,302,1.489315068493,0.1753424657534247,5.469312598561571,-19.2508,105.51376352,4.18923648,3.970322297532241,4.25,23.52941176470588,98.11764705882354,11.58535294117647,11.8076139088729,49.309,1.3808,-11.58535294117647,92.99037754465601,6,2017-11-28,0.3,深交所,可转债
128017.SZ,金禾转债,2023-09-25,113.7,113.66,113.794,111.5,111.8,-1.9,-1.671064204045734,329,1.622465753425,0.1013698630136986,5.366726296958855,-51.177,105.70866792,6.09133208,5.762377106681452,20.54,4.868549172346641,111.4897760467381,0.3102239532619279,0.2782532751091703,15.9248,1.9221,-0.3102239532619279,105.468906420345,6,2017-11-01,0.3,深交所,可转债
128033.SZ,迪龙转债,2023-09-25,115.95,116.269,116.287,113.873,113.943,-2.007,-1.730918499353169,273,1.346301369863,0.2547945205479452,5.265790790131908,-27.3594,105.30052405,8.64247595,8.207438688430726,7.87,12.70648030495553,96.69631512071156,17.24668487928844,17.83592772667543,29.1916,1.9715,-17.24668487928844,91.82890208105432,6,2017-12-27,0.3,深交所,可转债
113576.SH,起步转债,2023-09-25,106.818,106.6,106.798,104.751,104.816,-2.002,-1.874215956112266,169,0.833424657534,2.540983606557377,1.717295069455045,5.3406,111.35901892,-6.54301892,-5.875607547064047,2.6,38.46153846153846,94.23076923076923,10.58523076923077,11.23330612244898,-3.2395,2.6335,-10.58523076923077,84.61889314817361,6,2020-04-10,0.5,上交所,可转债
113582.SH,火炬转债,2023-09-25,158.58,159.111,159.725,154.08,155.56,-3.02,-1.90440156387943,122,0.501369863014,2.669398907103825,0.9642581640524557,-11.3516,104.0935809,51.4664191,49.44245231552026,24.15,4.140786749482402,132.5051759834369,23.05482401656315,17.3991875,28.9431,2.7685,-23.05482401656315,127.2942815856543,6,2020-05-27,0.4,上交所,可转债
128111.SZ,中矿转债,2023-09-25,369.0,370.0,370.75,358.701,361.4,-7.6,-2.059620596205962,107,0.527671232877,0.1232876712328767,0.2054850444990786,-33.3246,100.05694414,261.34305586,261.1943210001776,10.63,9.407337723424272,347.4129821260584,13.98701787394167,4.026049282426212,8.7656,2.27,-13.98701787394167,347.2152633803776,6,2020-06-11,0.5,深交所,可转债
113626.SH,伯特转债,2023-09-25,221.234,224.0,224.75,214.944,216.251,-4.983,-2.252366272815209,89,0.243835616438,0.09863013698630137,0.1566687849802544,-14.6422,99.99152435,116.25947565,116.2693302314878,35.54,2.813731007315701,215.95385481148,0.2971451885199775,0.1375966123778502,44.442,7.3308,-0.2971451885199775,215.9721598558468,6,2021-06-29,0.3,上交所,可转债
113025.SH,明泰转债,2023-09-25,164.899,165.101,165.101,160.7,160.908,-3.991,-2.420269377012596,169,0.92602739726,0.07945205479452055,0.6690175331496259,-21.1472,100.84956533,60.05843467,59.55249729979178,7.99,12.51564455569462,161.2015018773467,-0.2935018773466834,-0.1820714285714286,8.583,1.0878,0.2935018773466834,159.8435266923194,6,2019-04-09,0.4,上交所,可转债
127063.SZ,贵轮转债,2023-09-25,162.6,162.83,164.718,157.858,158.6,-4.0,-2.460024600246002,157,0.215068493151,4.573770491803279,0.3152585119798235,-6.937,97.19636026,61.40363974,63.17483450588626,4.4,22.72727272727273,153.8636363636364,4.736363636363636,3.078286558345643,11.4368,1.2336,-4.736363636363636,158.3018499376433,6,2022-04-22,0.3,深交所,可转债
127080.SZ,声迅转债,2023-09-25,173.304,171.265,173.679,168.5,168.8,-4.504,-2.598901352536583,270,0.221917808219,5.263013698630137,0.1777251184834123,-6.2423,78.5576301,90.2423699,114.8740991615021,29.14,3.431708991077556,91.0089224433768,77.7910775566232,85.4763197586727,-58.3578,3.1147,-77.7910775566232,115.8498828535521,6,2022-12-30,0.3,深交所,可转债
123031.SZ,晶瑞转债,2023-09-25,383.8,383.99,390.445,372.0,372.526,-11.274,-2.937467430953622,28,0.138082191781,1.926229508196721,0.4831877506536457,-46.4247,97.56949882,274.95650118,281.8057943366609,3.65,27.3972602739726,295.3424657534247,77.18353424657535,26.13357142857143,500.3445,5.4088,-77.18353424657535,302.6995826823749,6,2019-08-29,0.4,深交所,可转债
113595.SH,花王转债,2023-09-25,112.108,112.1,112.58,108.113,108.676,-3.432,-3.061333713918721,67,0.275342465753,2.819672131147541,1.380249549118481,4.5654,113.76291986,-5.08691986,-4.471509579975719,4.48,22.32142857142857,106.9196428571429,1.756357142857143,1.642688935281837,-18.141,5.9444,-1.756357142857143,93.98461553968667,6,2020-07-21,0.5,上交所,可转债
123181.SZ,亚康转债,2023-09-25,295.263,293.0,294.948,279.5,284.3,-10.963,-3.712960987323166,189,0.207123287671,0.1589041095890411,0.09456646465578263,-14.6038,98.94008682,185.35991318,187.3456140353122,38.13,2.622606871230003,158.0907421977446,126.2092578022554,79.83342733908427,50.1206,5.8825,-126.2092578022554,159.7843172356988,6,2023-03-21,0.4,深交所,可转债
127029.SZ,中钢转债,2023-09-25,151.205,151.085,151.5,144.9,145.4,-5.805,-3.83915875797758,191,0.31397260274,0.09863013698630137,0.2548086680046011,-6.1665,100.06085383,45.33914617,45.31157234279619,5.29,18.90359168241966,145.5576559546314,-0.15765595463138,-0.1083116883116883,14.5007,1.5183,0.15765595463138,145.4691324160884,6,2021-03-19,0.2,深交所,可转债
123046.SZ,天铁转债,2023-09-25,168.35,168.19,168.19,161.0,161.5,-6.85,-4.068904068904069,191,0.784931506849,0.03835616438356165,0.5176876617773932,-981.9994,100.62418826,60.87581174,60.49818914583908,3.91,25.57544757033248,162.9156010230179,-1.415601023017903,-0.868916797488226,80.2932,2.2812,1.415601023017903,161.9050089647083,6,2020-03-19,0.5,深交所,可转债
128085.SZ,鸿达转债,2023-09-25,96.7,93.7,93.7,92.199,92.48,-4.22,-4.36401240951396,284,1.400547945205,2.224657534246576,1.94636678200692,13.9922,49.77179914,42.70820086,85.80803104960854,3.91,25.57544757033248,48.59335038363172,43.88664961636829,90.3141052631579,-6.2257,0.6108,-43.88664961636829,97.63229624660845,6,2019-12-13,0.4,深交所,可转债
111013.SH,新港转债,2023-09-25,172.841,170.0,173.639,162.5,163.717,-9.124,-5.278840090024937,202,0.16602739726,5.450819672131147,0.1832430352376357,-5.5569,86.89259887,76.82440113,88.41305488507366,9.03,11.07419712070875,98.33887043189368,65.37812956810632,66.48248986486486,39.4889,3.2312,-65.37812956810632,113.1728958631085,6,2023-03-08,0.3,上交所,可转债
127019.SZ,国城转债,2023-09-25,107.8,104.21,105.7,100.02,100.745,-7.055,-6.544526901669759,73,0.3,2.80327868852459,1.488907638096183,4.348,103.5660529,-2.8210529,-2.723916593329975,21.2,4.716981132075472,52.68867924528302,48.05632075471698,91.20805729632946,1766.4128,4.4794,-48.05632075471698,50.87446877613216,6,2020-07-15,0.3,深交所,可转债
